,years,시도,시군구,계약종별,지점명,month,전력량
0,2017,강원도,춘천시,가로등,춘천,1,2626582
1,2017,강원도,원주시,가로등,원주,1,2222839
2,2017,강원도,강릉시,가로등,강릉,1,2671697
3,2017,강원도,동해시,가로등,동해,1,674852
4,2017,강원도,태백시,가로등,태백,1,414304
5,2017,강원도,속초시,가로등,속초,1,651760
6,2017,강원도,삼척시,가로등,삼척,1,1317354
7,2017,강원도,홍천군,가로등,홍천,1,1331433
8,2017,강원도,횡성군,가로등,횡성,1,807795
9,2017,강원도,영월군,가로등,영월,1,853107
10,2017,강원도,평창군,가로등,평창,1,990459
11,2017,강원도,정선군,가로등,정선,1,598241
12,2017,강원도,철원군,가로등,철원,1,446331
13,2017,강원도,화천군,가로등,화천,1,466624
14,2017,강원도,양구군,가로등,양,1,575030
15,2017,강원도,인제군,가로등,인제,1,525617
16,2017,강원도,고성군,가로등,고성,1,459800
17,2017,강원도,양양군,가로등,양양,1,533107
18,2021,강원도,춘천시,가로등,춘천,1,2049264
19,2021,강원도,원주시,가로등,원주,1,2220107
20,2021,강원도,강릉시,가로등,강릉,1,2474109
21,2021,강원도,동해시,가로등,동해,1,518956
22,2021,강원도,태백시,가로등,태백,1,309270
23,2021,강원도,속초시,가로등,속초,1,585222
24,2021,강원도,삼척시,가로등,삼척,1,1037862
25,2021,강원도,홍천군,가로등,홍천,1,1262510
26,2021,강원도,횡성군,가로등,횡성,1,735065
27,2021,강원도,영월군,가로등,영월,1,771899
28,2021,강원도,평창군,가로등,평창,1,1117015
29,2021,강원도,정선군,가로등,정선,1,822107
30,2021,강원도,철원군,가로등,철원,1,402666
31,2021,강원도,화천군,가로등,화천,1,351853
32,2021,강원도,양구군,가로등,양,1,517397
33,2021,강원도,인제군,가로등,인제,1,885014
34,2021,강원도,고성군,가로등,고성,1,479873
35,2021,강원도,양양군,가로등,양양,1,887776
36,2015,강원도,춘천시,가로등,춘천,1,2555210
37,2015,강원도,원주시,가로등,원주,1,1985499
38,2015,강원도,강릉시,가로등,강릉,1,2873611
39,2015,강원도,동해시,가로등,동해,1,830095
40,2015,강원도,태백시,가로등,태백,1,430356
41,2015,강원도,속초시,가로등,속초,1,590032
42,2015,강원도,삼척시,가로등,삼척,1,899574
43,2015,강원도,홍천군,가로등,홍천,1,1183964
44,2015,강원도,횡성군,가로등,횡성,1,710492
45,2015,강원도,영월군,가로등,영월,1,802187
46,2015,강원도,평창군,가로등,평창,1,772529
47,2015,강원도,정선군,가로등,정선,1,645686
48,2015,강원도,철원군,가로등,철원,1,384073
49,2015,강원도,화천군,가로등,화천,1,394958
50,2015,강원도,양구군,가로등,양,1,534752
51,2015,강원도,인제군,가로등,인제,1,498972
52,2015,강원도,고성군,가로등,고성,1,471686
53,2015,강원도,양양군,가로등,양양,1,433197
54,2019,강원도,춘천시,가로등,춘천,1,2722314
55,2019,강원도,원주시,가로등,원주,1,2289949
56,2019,강원도,강릉시,가로등,강릉,1,2612553
57,2019,강원도,동해시,가로등,동해,1,508527
58,2019,강원도,태백시,가로등,태백,1,385600
59,2019,강원도,속초시,가로등,속초,1,603403
60,2019,강원도,삼척시,가로등,삼척,1,1069712
61,2019,강원도,홍천군,가로등,홍천,1,1390626
62,2019,강원도,횡성군,가로등,횡성,1,752446
63,2019,강원도,영월군,가로등,영월,1,846111
64,2019,강원도,평창군,가로등,평창,1,1172310
65,2019,강원도,정선군,가로등,정선,1,797956
66,2019,강원도,철원군,가로등,철원,1,421479
67,2019,강원도,화천군,가로등,화천,1,341958
68,2019,강원도,양구군,가로등,양,1,522477
69,2019,강원도,인제군,가로등,인제,1,867995
70,2019,강원도,고성군,가로등,고성,1,474892
71,2019,강원도,양양군,가로등,양양,1,955033
72,2023,강원도,춘천시,가로등,춘천,1,1889606
73,2023,강원도,원주시,가로등,원주,1,2293607
74,2023,강원도,강릉시,가로등,강릉,1,2463458
75,2023,강원도,동해시,가로등,동해,1,555952
76,2023,강원도,태백시,가로등,태백,1,301532
77,2023,강원도,속초시,가로등,속초,1,574877
78,2023,강원도,삼척시,가로등,삼척,1,1055902
79,2023,강원도,홍천군,가로등,홍천,1,1143161
80,2023,강원도,횡성군,가로등,횡성,1,728476
81,2023,강원도,영월군,가로등,영월,1,807672
82,2023,강원도,평창군,가로등,평창,1,1101122
83,2023,강원도,정선군,가로등,정선,1,833970
84,2023,강원도,철원군,가로등,철원,1,411433
85,2023,강원도,화천군,가로등,화천,1,374999
86,2023,강원도,양구군,가로등,양,1,547611
87,2023,강원도,인제군,가로등,인제,1,913365
88,2023,강원도,고성군,가로등,고성,1,346392
89,2023,강원도,양양군,가로등,양양,1,953950
90,2020,강원도,춘천시,가로등,춘천,1,2201978
91,2020,강원도,원주시,가로등,원주,1,2109285
92,2020,강원도,강릉시,가로등,강릉,1,2536064
93,2020,강원도,동해시,가로등,동해,1,486644
94,2020,강원도,태백시,가로등,태백,1,349402
95,2020,강원도,속초시,가로등,속초,1,602026
96,2020,강원도,삼척시,가로등,삼척,1,1028264
97,2020,강원도,홍천군,가로등,홍천,1,1248656
98,2020,강원도,횡성군,가로등,횡성,1,720525
99,2020,강원도,영월군,가로등,영월,1,773643
100,2020,강원도,평창군,가로등,평창,1,1179248
101,2020,강원도,정선군,가로등,정선,1,820719
102,2020,강원도,철원군,가로등,철원,1,404482
103,2020,강원도,화천군,가로등,화천,1,334993
104,2020,강원도,양구군,가로등,양,1,515457
105,2020,강원도,인제군,가로등,인제,1,882320
106,2020,강원도,고성군,가로등,고성,1,463380
107,2020,강원도,양양군,가로등,양양,1,840291
108,2016,강원도,춘천시,가로등,춘천,1,2552925
109,2016,강원도,원주시,가로등,원주,1,2085417
110,2016,강원도,강릉시,가로등,강릉,1,2536383
111,2016,강원도,동해시,가로등,동해,1,817424
112,2016,강원도,태백시,가로등,태백,1,398232
113,2016,강원도,속초시,가로등,속초,1,596366
114,2016,강원도,삼척시,가로등,삼척,1,874956
115,2016,강원도,홍천군,가로등,홍천,1,1202439
116,2016,강원도,횡성군,가로등,횡성,1,708495
117,2016,강원도,영월군,가로등,영월,1,869074
118,2016,강원도,평창군,가로등,평창,1,901245
119,2016,강원도,정선군,가로등,정선,1,716151
120,2016,강원도,철원군,가로등,철원,1,416556
121,2016,강원도,화천군,가로등,화천,1,390204
122,2016,강원도,양구군,가로등,양,1,558475
123,2016,강원도,인제군,가로등,인제,1,527657
124,2016,강원도,고성군,가로등,고성,1,494612
125,2016,강원도,양양군,가로등,양양,1,458350
126,2022,강원도,춘천시,가로등,춘천,1,1958250
127,2022,강원도,원주시,가로등,원주,1,2309011
128,2022,강원도,강릉시,가로등,강릉,1,2473322
129,2022,강원도,동해시,가로등,동해,1,545964
130,2022,강원도,태백시,가로등,태백,1,286156
131,2022,강원도,속초시,가로등,속초,1,587818
132,2022,강원도,삼척시,가로등,삼척,1,1053905
133,2022,강원도,홍천군,가로등,홍천,1,1200302
134,2022,강원도,횡성군,가로등,횡성,1,761895
135,2022,강원도,영월군,가로등,영월,1,771639
136,2022,강원도,평창군,가로등,평창,1,1130232
137,2022,강원도,정선군,가로등,정선,1,832027
138,2022,강원도,철원군,가로등,철원,1,383943
139,2022,강원도,화천군,가로등,화천,1,357982
140,2022,강원도,양구군,가로등,양,1,527874
141,2022,강원도,인제군,가로등,인제,1,886506
142,2022,강원도,고성군,가로등,고성,1,458815
143,2022,강원도,양양군,가로등,양양,1,888491
144,2018,강원도,춘천시,가로등,춘천,1,2666489
145,2018,강원도,원주시,가로등,원주,1,2176038
146,2018,강원도,강릉시,가로등,강릉,1,2596387
147,2018,강원도,동해시,가로등,동해,1,513567
148,2018,강원도,태백시,가로등,태백,1,463694
149,2018,강원도,속초시,가로등,속초,1,603386
150,2018,강원도,삼척시,가로등,삼척,1,1092814
151,2018,강원도,홍천군,가로등,홍천,1,1422548
152,2018,강원도,횡성군,가로등,횡성,1,685821
153,2018,강원도,영월군,가로등,영월,1,891496
154,2018,강원도,평창군,가로등,평창,1,986974
155,2018,강원도,정선군,가로등,정선,1,705666
156,2018,강원도,철원군,가로등,철원,1,430484
157,2018,강원도,화천군,가로등,화천,1,398299
158,2018,강원도,양구군,가로등,양,1,571088
159,2018,강원도,인제군,가로등,인제,1,833517
160,2018,강원도,고성군,가로등,고성,1,478805
161,2018,강원도,양양군,가로등,양양,1,963704
162,2024,강원도,춘천시,가로등,춘천,1,1867241
163,2024,강원도,원주시,가로등,원주,1,2277999
164,2024,강원도,강릉시,가로등,강릉,1,2365255
165,2024,강원도,동해시,가로등,동해,1,550728
166,2024,강원도,태백시,가로등,태백,1,302371
167,2024,강원도,속초시,가로등,속초,1,562127
168,2024,강원도,삼척시,가로등,삼척,1,1075495
169,2024,강원도,홍천군,가로등,홍천,1,1138075
170,2024,강원도,횡성군,가로등,횡성,1,683304
171,2024,강원도,영월군,가로등,영월,1,736788
172,2024,강원도,평창군,가로등,평창,1,1090157
173,2024,강원도,정선군,가로등,정선,1,850336
174,2024,강원도,철원군,가로등,철원,1,387626
175,2024,강원도,화천군,가로등,화천,1,370815
176,2024,강원도,양구군,가로등,양,1,507605
177,2024,강원도,인제군,가로등,인제,1,922864
178,2024,강원도,고성군,가로등,고성,1,358690
179,2024,강원도,양양군,가로등,양양,1,949999
180,2017,강원도,춘천시,가로등,춘천,2,2541196
181,2017,강원도,원주시,가로등,원주,2,2048693
182,2017,강원도,강릉시,가로등,강릉,2,2510988
183,2017,강원도,동해시,가로등,동해,2,581644
184,2017,강원도,태백시,가로등,태백,2,390645
185,2017,강원도,속초시,가로등,속초,2,616163
186,2017,강원도,삼척시,가로등,삼척,2,1284815
187,2017,강원도,홍천군,가로등,홍천,2,1287973
188,2017,강원도,횡성군,가로등,횡성,2,727184
189,2017,강원도,영월군,가로등,영월,2,835028
190,2017,강원도,평창군,가로등,평창,2,1007302
191,2017,강원도,정선군,가로등,정선,2,590206
192,2017,강원도,철원군,가로등,철원,2,386203
193,2017,강원도,화천군,가로등,화천,2,420576
194,2017,강원도,양구군,가로등,양,2,564621
195,2017,강원도,인제군,가로등,인제,2,495743
196,2017,강원도,고성군,가로등,고성,2,421363
197,2017,강원도,양양군,가로등,양양,2,518896
198,2021,강원도,춘천시,가로등,춘천,2,1946120
199,2021,강원도,원주시,가로등,원주,2,2114192
200,2021,강원도,강릉시,가로등,강릉,2,2320006
201,2021,강원도,동해시,가로등,동해,2,487342
202,2021,강원도,태백시,가로등,태백,2,294783
203,2021,강원도,속초시,가로등,속초,2,561945
204,2021,강원도,삼척시,가로등,삼척,2,1016633
205,2021,강원도,홍천군,가로등,홍천,2,1240146
206,2021,강원도,횡성군,가로등,횡성,2,712547
207,2021,강원도,영월군,가로등,영월,2,786497
208,2021,강원도,평창군,가로등,평창,2,1101148
209,2021,강원도,정선군,가로등,정선,2,780066
210,2021,강원도,철원군,가로등,철원,2,372316
211,2021,강원도,화천군,가로등,화천,2,330957
212,2021,강원도,양구군,가로등,양,2,496228
213,2021,강원도,인제군,가로등,인제,2,867376
214,2021,강원도,고성군,가로등,고성,2,429603
215,2021,강원도,양양군,가로등,양양,2,859205
216,2015,강원도,춘천시,가로등,춘천,2,2403795
217,2015,강원도,원주시,가로등,원주,2,1864259
218,2015,강원도,강릉시,가로등,강릉,2,2153489
219,2015,강원도,동해시,가로등,동해,2,760772
220,2015,강원도,태백시,가로등,태백,2,397951
221,2015,강원도,속초시,가로등,속초,2,555297
222,2015,강원도,삼척시,가로등,삼척,2,830362
223,2015,강원도,홍천군,가로등,홍천,2,1107528
224,2015,강원도,횡성군,가로등,횡성,2,670625
225,2015,강원도,영월군,가로등,영월,2,780672
226,2015,강원도,평창군,가로등,평창,2,754698
227,2015,강원도,정선군,가로등,정선,2,617877
228,2015,강원도,철원군,가로등,철원,2,344833
229,2015,강원도,화천군,가로등,화천,2,378315
230,2015,강원도,양구군,가로등,양,2,518093
231,2015,강원도,인제군,가로등,인제,2,475328
232,2015,강원도,고성군,가로등,고성,2,419190
233,2015,강원도,양양군,가로등,양양,2,403836
234,2019,강원도,춘천시,가로등,춘천,2,2604427
235,2019,강원도,원주시,가로등,원주,2,2190360
236,2019,강원도,강릉시,가로등,강릉,2,2474073
237,2019,강원도,동해시,가로등,동해,2,485220
238,2019,강원도,태백시,가로등,태백,2,365829
239,2019,강원도,속초시,가로등,속초,2,575698
240,2019,강원도,삼척시,가로등,삼척,2,1066153
241,2019,강원도,홍천군,가로등,홍천,2,1388210
242,2019,강원도,횡성군,가로등,횡성,2,725847
243,2019,강원도,영월군,가로등,영월,2,817429
244,2019,강원도,평창군,가로등,평창,2,1141908
245,2019,강원도,정선군,가로등,정선,2,767332
246,2019,강원도,철원군,가로등,철원,2,383317
247,2019,강원도,화천군,가로등,화천,2,333481
248,2019,강원도,양구군,가로등,양,2,509569
249,2019,강원도,인제군,가로등,인제,2,869591
250,2019,강원도,고성군,가로등,고성,2,432732
251,2019,강원도,양양군,가로등,양양,2,921162
252,2023,강원도,춘천시,가로등,춘천,2,1829074
253,2023,강원도,원주시,가로등,원주,2,2195729
254,2023,강원도,강릉시,가로등,강릉,2,2289572
255,2023,강원도,동해시,가로등,동해,2,525989
256,2023,강원도,태백시,가로등,태백,2,287068
257,2023,강원도,속초시,가로등,속초,2,544750
258,2023,강원도,삼척시,가로등,삼척,2,1035871
259,2023,강원도,홍천군,가로등,홍천,2,1142058
260,2023,강원도,횡성군,가로등,횡성,2,673826
261,2023,강원도,영월군,가로등,영월,2,773760
262,2023,강원도,평창군,가로등,평창,2,1072486
263,2023,강원도,정선군,가로등,정선,2,785737
264,2023,강원도,철원군,가로등,철원,2,371222
265,2023,강원도,화천군,가로등,화천,2,357159
266,2023,강원도,양구군,가로등,양,2,507685
267,2023,강원도,인제군,가로등,인제,2,897263
268,2023,강원도,고성군,가로등,고성,2,309717
269,2023,강원도,양양군,가로등,양양,2,914882
270,2020,강원도,춘천시,가로등,춘천,2,2123314
271,2020,강원도,원주시,가로등,원주,2,2048006
272,2020,강원도,강릉시,가로등,강릉,2,2409503
273,2020,강원도,동해시,가로등,동해,2,461600
274,2020,강원도,태백시,가로등,태백,2,340504
275,2020,강원도,속초시,가로등,속초,2,566189
276,2020,강원도,삼척시,가로등,삼척,2,1001983
277,2020,강원도,홍천군,가로등,홍천,2,1263924
278,2020,강원도,횡성군,가로등,횡성,2,725335
279,2020,강원도,영월군,가로등,영월,2,776623
280,2020,강원도,평창군,가로등,평창,2,1155458
281,2020,강원도,정선군,가로등,정선,2,784669
282,2020,강원도,철원군,가로등,철원,2,377445
283,2020,강원도,화천군,가로등,화천,2,325644
284,2020,강원도,양구군,가로등,양,2,509311
285,2020,강원도,인제군,가로등,인제,2,889747
286,2020,강원도,고성군,가로등,고성,2,429954
287,2020,강원도,양양군,가로등,양양,2,832302
288,2016,강원도,춘천시,가로등,춘천,2,2417058
289,2016,강원도,원주시,가로등,원주,2,2018388
290,2016,강원도,강릉시,가로등,강릉,2,2311513
291,2016,강원도,동해시,가로등,동해,2,764384
292,2016,강원도,태백시,가로등,태백,2,378665
293,2016,강원도,속초시,가로등,속초,2,562887
294,2016,강원도,삼척시,가로등,삼척,2,824367
295,2016,강원도,홍천군,가로등,홍천,2,1157704
296,2016,강원도,횡성군,가로등,횡성,2,674318
297,2016,강원도,영월군,가로등,영월,2,844099
298,2016,강원도,평창군,가로등,평창,2,883731
299,2016,강원도,정선군,가로등,정선,2,653194
300,2016,강원도,철원군,가로등,철원,2,377277
301,2016,강원도,화천군,가로등,화천,2,398328
302,2016,강원도,양구군,가로등,양,2,550260
303,2016,강원도,인제군,가로등,인제,2,504882
304,2016,강원도,고성군,가로등,고성,2,460431
305,2016,강원도,양양군,가로등,양양,2,431798
306,2022,강원도,춘천시,가로등,춘천,2,1837470
307,2022,강원도,원주시,가로등,원주,2,2223782
308,2022,강원도,강릉시,가로등,강릉,2,2337595
309,2022,강원도,동해시,가로등,동해,2,519420
310,2022,강원도,태백시,가로등,태백,2,271592
311,2022,강원도,속초시,가로등,속초,2,560578
312,2022,강원도,삼척시,가로등,삼척,2,1041519
313,2022,강원도,홍천군,가로등,홍천,2,1197689
314,2022,강원도,횡성군,가로등,횡성,2,733797
315,2022,강원도,영월군,가로등,영월,2,767310
316,2022,강원도,평창군,가로등,평창,2,1104575
317,2022,강원도,정선군,가로등,정선,2,788847
318,2022,강원도,철원군,가로등,철원,2,357116
319,2022,강원도,화천군,가로등,화천,2,336185
320,2022,강원도,양구군,가로등,양,2,511346
321,2022,강원도,인제군,가로등,인제,2,891108
322,2022,강원도,고성군,가로등,고성,2,335998
323,2022,강원도,양양군,가로등,양양,2,859456
324,2018,강원도,춘천시,가로등,춘천,2,2585484
325,2018,강원도,원주시,가로등,원주,2,2117566
326,2018,강원도,강릉시,가로등,강릉,2,2481456
327,2018,강원도,동해시,가로등,동해,2,491747
328,2018,강원도,태백시,가로등,태백,2,394451
329,2018,강원도,속초시,가로등,속초,2,567453
330,2018,강원도,삼척시,가로등,삼척,2,1072716
331,2018,강원도,홍천군,가로등,홍천,2,1432468
332,2018,강원도,횡성군,가로등,횡성,2,689632
333,2018,강원도,영월군,가로등,영월,2,916031
334,2018,강원도,평창군,가로등,평창,2,1059773
335,2018,강원도,정선군,가로등,정선,2,682562
336,2018,강원도,철원군,가로등,철원,2,386453
337,2018,강원도,화천군,가로등,화천,2,351150
338,2018,강원도,양구군,가로등,양,2,557250
339,2018,강원도,인제군,가로등,인제,2,970547
340,2018,강원도,고성군,가로등,고성,2,432583
341,2018,강원도,양양군,가로등,양양,2,905021
342,2024,강원도,춘천시,가로등,춘천,2,1802060
343,2024,강원도,원주시,가로등,원주,2,2191190
344,2024,강원도,강릉시,가로등,강릉,2,2230718
345,2024,강원도,동해시,가로등,동해,2,523112
346,2024,강원도,태백시,가로등,태백,2,294420
347,2024,강원도,속초시,가로등,속초,2,539030
348,2024,강원도,삼척시,가로등,삼척,2,1039346
349,2024,강원도,홍천군,가로등,홍천,2,1153776
350,2024,강원도,횡성군,가로등,횡성,2,669980
351,2024,강원도,영월군,가로등,영월,2,723103
352,2024,강원도,평창군,가로등,평창,2,1074691
353,2024,강원도,정선군,가로등,정선,2,821481
354,2024,강원도,철원군,가로등,철원,2,371628
355,2024,강원도,화천군,가로등,화천,2,361666
356,2024,강원도,양구군,가로등,양,2,492788
357,2024,강원도,인제군,가로등,인제,2,908836
358,2024,강원도,고성군,가로등,고성,2,336173
359,2024,강원도,양양군,가로등,양양,2,901484
360,2017,강원도,춘천시,가로등,춘천,3,2387435
361,2017,강원도,원주시,가로등,원주,3,1940337
362,2017,강원도,강릉시,가로등,강릉,3,2320298
363,2017,강원도,동해시,가로등,동해,3,500486
364,2017,강원도,태백시,가로등,태백,3,355685
365,2017,강원도,속초시,가로등,속초,3,555808
366,2017,강원도,삼척시,가로등,삼척,3,1210622
367,2017,강원도,홍천군,가로등,홍천,3,1290846
368,2017,강원도,횡성군,가로등,횡성,3,716862
369,2017,강원도,영월군,가로등,영월,3,767590
370,2017,강원도,평창군,가로등,평창,3,1013394
371,2017,강원도,정선군,가로등,정선,3,541494
372,2017,강원도,철원군,가로등,철원,3,372666
373,2017,강원도,화천군,가로등,화천,3,384119
374,2017,강원도,양구군,가로등,양,3,525942
375,2017,강원도,인제군,가로등,인제,3,498163
376,2017,강원도,고성군,가로등,고성,3,410644
377,2017,강원도,양양군,가로등,양양,3,545175
378,2021,강원도,춘천시,가로등,춘천,3,1840324
379,2021,강원도,원주시,가로등,원주,3,1933096
380,2021,강원도,강릉시,가로등,강릉,3,2177804
381,2021,강원도,동해시,가로등,동해,3,447229
382,2021,강원도,태백시,가로등,태백,3,268564
383,2021,강원도,속초시,가로등,속초,3,499208
384,2021,강원도,삼척시,가로등,삼척,3,961230
385,2021,강원도,홍천군,가로등,홍천,3,1241689
386,2021,강원도,횡성군,가로등,횡성,3,700193
387,2021,강원도,영월군,가로등,영월,3,757915
388,2021,강원도,평창군,가로등,평창,3,1056935
389,2021,강원도,정선군,가로등,정선,3,754310
390,2021,강원도,철원군,가로등,철원,3,339607
391,2021,강원도,화천군,가로등,화천,3,314810
392,2021,강원도,양구군,가로등,양,3,467768
393,2021,강원도,인제군,가로등,인제,3,864591
394,2021,강원도,고성군,가로등,고성,3,425132
395,2021,강원도,양양군,가로등,양양,3,895767
396,2015,강원도,춘천시,가로등,춘천,3,2262046
397,2015,강원도,원주시,가로등,원주,3,1693140
398,2015,강원도,강릉시,가로등,강릉,3,2063092
399,2015,강원도,동해시,가로등,동해,3,685596
400,2015,강원도,태백시,가로등,태백,3,356797
401,2015,강원도,속초시,가로등,속초,3,483099
402,2015,강원도,삼척시,가로등,삼척,3,774419
403,2015,강원도,홍천군,가로등,홍천,3,1077935
404,2015,강원도,횡성군,가로등,횡성,3,636978
405,2015,강원도,영월군,가로등,영월,3,729180
406,2015,강원도,평창군,가로등,평창,3,773793
407,2015,강원도,정선군,가로등,정선,3,559438
408,2015,강원도,철원군,가로등,철원,3,338790
409,2015,강원도,화천군,가로등,화천,3,350624
410,2015,강원도,양구군,가로등,양,3,490046
411,2015,강원도,인제군,가로등,인제,3,471016
412,2015,강원도,고성군,가로등,고성,3,415613
413,2015,강원도,양양군,가로등,양양,3,385362
414,2019,강원도,춘천시,가로등,춘천,3,2461388
415,2019,강원도,원주시,가로등,원주,3,1964516
416,2019,강원도,강릉시,가로등,강릉,3,2320028
417,2019,강원도,동해시,가로등,동해,3,445783
418,2019,강원도,태백시,가로등,태백,3,337224
419,2019,강원도,속초시,가로등,속초,3,510179
420,2019,강원도,삼척시,가로등,삼척,3,1004323
421,2019,강원도,홍천군,가로등,홍천,3,1376228
422,2019,강원도,횡성군,가로등,횡성,3,702764
423,2019,강원도,영월군,가로등,영월,3,763010
424,2019,강원도,평창군,가로등,평창,3,1091390
425,2019,강원도,정선군,가로등,정선,3,737625
426,2019,강원도,철원군,가로등,철원,3,361928
427,2019,강원도,화천군,가로등,화천,3,309469
428,2019,강원도,양구군,가로등,양,3,476557
429,2019,강원도,인제군,가로등,인제,3,871419
430,2019,강원도,고성군,가로등,고성,3,424359
431,2019,강원도,양양군,가로등,양양,3,930798
432,2023,강원도,춘천시,가로등,춘천,3,1735780
433,2023,강원도,원주시,가로등,원주,3,2009696
434,2023,강원도,강릉시,가로등,강릉,3,2158138
435,2023,강원도,동해시,가로등,동해,3,473748
436,2023,강원도,태백시,가로등,태백,3,264617
437,2023,강원도,속초시,가로등,속초,3,487097
438,2023,강원도,삼척시,가로등,삼척,3,983819
439,2023,강원도,홍천군,가로등,홍천,3,1132820
440,2023,강원도,횡성군,가로등,횡성,3,683738
441,2023,강원도,영월군,가로등,영월,3,696069
442,2023,강원도,평창군,가로등,평창,3,1032637
443,2023,강원도,정선군,가로등,정선,3,764598
444,2023,강원도,철원군,가로등,철원,3,353320
445,2023,강원도,화천군,가로등,화천,3,334045
446,2023,강원도,양구군,가로등,양,3,473354
447,2023,강원도,인제군,가로등,인제,3,893194
448,2023,강원도,고성군,가로등,고성,3,304042
449,2023,강원도,양양군,가로등,양양,3,961567
450,2020,강원도,춘천시,가로등,춘천,3,2018623
451,2020,강원도,원주시,가로등,원주,3,1909610
452,2020,강원도,강릉시,가로등,강릉,3,2276922
453,2020,강원도,동해시,가로등,동해,3,437268
454,2020,강원도,태백시,가로등,태백,3,319325
455,2020,강원도,속초시,가로등,속초,3,513862
456,2020,강원도,삼척시,가로등,삼척,3,984601
457,2020,강원도,홍천군,가로등,홍천,3,1252745
458,2020,강원도,횡성군,가로등,횡성,3,699951
459,2020,강원도,영월군,가로등,영월,3,735851
460,2020,강원도,평창군,가로등,평창,3,1122505
461,2020,강원도,정선군,가로등,정선,3,750061
462,2020,강원도,철원군,가로등,철원,3,354084
463,2020,강원도,화천군,가로등,화천,3,300753
464,2020,강원도,양구군,가로등,양,3,487124
465,2020,강원도,인제군,가로등,인제,3,878095
466,2020,강원도,고성군,가로등,고성,3,419637
467,2020,강원도,양양군,가로등,양양,3,874853
468,2016,강원도,춘천시,가로등,춘천,3,2249566
469,2016,강원도,원주시,가로등,원주,3,1846508
470,2016,강원도,강릉시,가로등,강릉,3,2161259
471,2016,강원도,동해시,가로등,동해,3,691821
472,2016,강원도,태백시,가로등,태백,3,341350
473,2016,강원도,속초시,가로등,속초,3,502912
474,2016,강원도,삼척시,가로등,삼척,3,770557
475,2016,강원도,홍천군,가로등,홍천,3,1134552
476,2016,강원도,횡성군,가로등,횡성,3,662410
477,2016,강원도,영월군,가로등,영월,3,796555
478,2016,강원도,평창군,가로등,평창,3,863700
479,2016,강원도,정선군,가로등,정선,3,594846
480,2016,강원도,철원군,가로등,철원,3,358731
481,2016,강원도,화천군,가로등,화천,3,367087
482,2016,강원도,양구군,가로등,양,3,519268
483,2016,강원도,인제군,가로등,인제,3,496968
484,2016,강원도,고성군,가로등,고성,3,448105
485,2016,강원도,양양군,가로등,양양,3,406757
486,2022,강원도,춘천시,가로등,춘천,3,1718550
487,2022,강원도,원주시,가로등,원주,3,1990237
488,2022,강원도,강릉시,가로등,강릉,3,2201366
489,2022,강원도,동해시,가로등,동해,3,473451
490,2022,강원도,태백시,가로등,태백,3,249661
491,2022,강원도,속초시,가로등,속초,3,496031
492,2022,강원도,삼척시,가로등,삼척,3,986406
493,2022,강원도,홍천군,가로등,홍천,3,1169032
494,2022,강원도,횡성군,가로등,횡성,3,729016
495,2022,강원도,영월군,가로등,영월,3,724936
496,2022,강원도,평창군,가로등,평창,3,1050087
497,2022,강원도,정선군,가로등,정선,3,750361
498,2022,강원도,철원군,가로등,철원,3,341618
499,2022,강원도,화천군,가로등,화천,3,319225
500,2022,강원도,양구군,가로등,양,3,479694
501,2022,강원도,인제군,가로등,인제,3,882309
502,2022,강원도,고성군,가로등,고성,3,298561
503,2022,강원도,양양군,가로등,양양,3,889288
504,2018,강원도,춘천시,가로등,춘천,3,2447775
505,2018,강원도,원주시,가로등,원주,3,1895472
506,2018,강원도,강릉시,가로등,강릉,3,2304837
507,2018,강원도,동해시,가로등,동해,3,441463
508,2018,강원도,태백시,가로등,태백,3,364384
509,2018,강원도,속초시,가로등,속초,3,510388
510,2018,강원도,삼척시,가로등,삼척,3,997786
511,2018,강원도,홍천군,가로등,홍천,3,1378793
512,2018,강원도,횡성군,가로등,횡성,3,656957
513,2018,강원도,영월군,가로등,영월,3,845596
514,2018,강원도,평창군,가로등,평창,3,1066293
515,2018,강원도,정선군,가로등,정선,3,693728
516,2018,강원도,철원군,가로등,철원,3,367707
517,2018,강원도,화천군,가로등,화천,3,321265
518,2018,강원도,양구군,가로등,양,3,518906
519,2018,강원도,인제군,가로등,인제,3,854587
520,2018,강원도,고성군,가로등,고성,3,415607
521,2018,강원도,양양군,가로등,양양,3,931908
522,2024,강원도,춘천시,가로등,춘천,3,1701650
523,2024,강원도,원주시,가로등,원주,3,2037444
524,2024,강원도,강릉시,가로등,강릉,3,2085862
525,2024,강원도,동해시,가로등,동해,3,475389
526,2024,강원도,태백시,가로등,태백,3,270214
527,2024,강원도,속초시,가로등,속초,3,494195
528,2024,강원도,삼척시,가로등,삼척,3,992017
529,2024,강원도,홍천군,가로등,홍천,3,1152156
530,2024,강원도,횡성군,가로등,횡성,3,634301
531,2024,강원도,영월군,가로등,영월,3,682117
532,2024,강원도,평창군,가로등,평창,3,1042408
533,2024,강원도,정선군,가로등,정선,3,777526
534,2024,강원도,철원군,가로등,철원,3,338167
535,2024,강원도,화천군,가로등,화천,3,335751
536,2024,강원도,양구군,가로등,양,3,463802
537,2024,강원도,인제군,가로등,인제,3,882331
538,2024,강원도,고성군,가로등,고성,3,326223
539,2024,강원도,양양군,가로등,양양,3,948207
540,2017,강원도,춘천시,가로등,춘천,4,2398784
541,2017,강원도,원주시,가로등,원주,4,1874378
542,2017,강원도,강릉시,가로등,강릉,4,2298656
543,2017,강원도,동해시,가로등,동해,4,428473
544,2017,강원도,태백시,가로등,태백,4,345369
545,2017,강원도,속초시,가로등,속초,4,545225
546,2017,강원도,삼척시,가로등,삼척,4,1239906
547,2017,강원도,홍천군,가로등,홍천,4,1509519
548,2017,강원도,횡성군,가로등,횡성,4,785362
549,2017,강원도,영월군,가로등,영월,4,798658
550,2017,강원도,평창군,가로등,평창,4,1015082
551,2017,강원도,정선군,가로등,정선,4,538208
552,2017,강원도,철원군,가로등,철원,4,349405
553,2017,강원도,화천군,가로등,화천,4,377695
554,2017,강원도,양구군,가로등,양,4,550343
555,2017,강원도,인제군,가로등,인제,4,503044
556,2017,강원도,고성군,가로등,고성,4,384072
557,2017,강원도,양양군,가로등,양양,4,579524
558,2021,강원도,춘천시,가로등,춘천,4,1875774
559,2021,강원도,원주시,가로등,원주,4,1957800
560,2021,강원도,강릉시,가로등,강릉,4,2194475
561,2021,강원도,동해시,가로등,동해,4,448906
562,2021,강원도,태백시,가로등,태백,4,271915
563,2021,강원도,속초시,가로등,속초,4,486785
564,2021,강원도,삼척시,가로등,삼척,4,1040533
565,2021,강원도,홍천군,가로등,홍천,4,1387928
566,2021,강원도,횡성군,가로등,횡성,4,734505
567,2021,강원도,영월군,가로등,영월,4,805725
568,2021,강원도,평창군,가로등,평창,4,1118816
569,2021,강원도,정선군,가로등,정선,4,731284
570,2021,강원도,철원군,가로등,철원,4,306903
571,2021,강원도,화천군,가로등,화천,4,310259
572,2021,강원도,양구군,가로등,양,4,488499
573,2021,강원도,인제군,가로등,인제,4,949189
574,2021,강원도,고성군,가로등,고성,4,392467
575,2021,강원도,양양군,가로등,양양,4,972180
576,2015,강원도,춘천시,가로등,춘천,4,2251451
577,2015,강원도,원주시,가로등,원주,4,1669067
578,2015,강원도,강릉시,가로등,강릉,4,2036918
579,2015,강원도,동해시,가로등,동해,4,654598
580,2015,강원도,태백시,가로등,태백,4,342703
581,2015,강원도,속초시,가로등,속초,4,465478
582,2015,강원도,삼척시,가로등,삼척,4,736523
583,2015,강원도,홍천군,가로등,홍천,4,1092854
584,2015,강원도,횡성군,가로등,횡성,4,632559
585,2015,강원도,영월군,가로등,영월,4,751058
586,2015,강원도,평창군,가로등,평창,4,829058
587,2015,강원도,정선군,가로등,정선,4,582004
588,2015,강원도,철원군,가로등,철원,4,312333
589,2015,강원도,화천군,가로등,화천,4,350671
590,2015,강원도,양구군,가로등,양,4,515229
591,2015,강원도,인제군,가로등,인제,4,459829
592,2015,강원도,고성군,가로등,고성,4,378313
593,2015,강원도,양양군,가로등,양양,4,375516
594,2019,강원도,춘천시,가로등,춘천,4,2443471
595,2019,강원도,원주시,가로등,원주,4,1976552
596,2019,강원도,강릉시,가로등,강릉,4,2317320
597,2019,강원도,동해시,가로등,동해,4,449746
598,2019,강원도,태백시,가로등,태백,4,350554
599,2019,강원도,속초시,가로등,속초,4,498013
600,2019,강원도,삼척시,가로등,삼척,4,1107011
601,2019,강원도,홍천군,가로등,홍천,4,1461946
602,2019,강원도,횡성군,가로등,횡성,4,739647
603,2019,강원도,영월군,가로등,영월,4,797620
604,2019,강원도,평창군,가로등,평창,4,1150770
605,2019,강원도,정선군,가로등,정선,4,720273
606,2019,강원도,철원군,가로등,철원,4,327848
607,2019,강원도,화천군,가로등,화천,4,306525
608,2019,강원도,양구군,가로등,양,4,490936
609,2019,강원도,인제군,가로등,인제,4,925861
610,2019,강원도,고성군,가로등,고성,4,387620
611,2019,강원도,양양군,가로등,양양,4,1006987
612,2023,강원도,춘천시,가로등,춘천,4,1771306
613,2023,강원도,원주시,가로등,원주,4,2014816
614,2023,강원도,강릉시,가로등,강릉,4,2163920
615,2023,강원도,동해시,가로등,동해,4,478721
616,2023,강원도,태백시,가로등,태백,4,263683
617,2023,강원도,속초시,가로등,속초,4,479285
618,2023,강원도,삼척시,가로등,삼척,4,1055506
619,2023,강원도,홍천군,가로등,홍천,4,1221668
620,2023,강원도,횡성군,가로등,횡성,4,729193
621,2023,강원도,영월군,가로등,영월,4,715523
622,2023,강원도,평창군,가로등,평창,4,1067898
623,2023,강원도,정선군,가로등,정선,4,743974
624,2023,강원도,철원군,가로등,철원,4,325064
625,2023,강원도,화천군,가로등,화천,4,334195
626,2023,강원도,양구군,가로등,양,4,483578
627,2023,강원도,인제군,가로등,인제,4,988763
628,2023,강원도,고성군,가로등,고성,4,282472
629,2023,강원도,양양군,가로등,양양,4,986878
630,2020,강원도,춘천시,가로등,춘천,4,1965717
631,2020,강원도,원주시,가로등,원주,4,1902707
632,2020,강원도,강릉시,가로등,강릉,4,2270707
633,2020,강원도,동해시,가로등,동해,4,437465
634,2020,강원도,태백시,가로등,태백,4,315824
635,2020,강원도,속초시,가로등,속초,4,486432
636,2020,강원도,삼척시,가로등,삼척,4,1046070
637,2020,강원도,홍천군,가로등,홍천,4,1366531
638,2020,강원도,횡성군,가로등,횡성,4,739023
639,2020,강원도,영월군,가로등,영월,4,768250
640,2020,강원도,평창군,가로등,평창,4,1158210
641,2020,강원도,정선군,가로등,정선,4,726676
642,2020,강원도,철원군,가로등,철원,4,327104
643,2020,강원도,화천군,가로등,화천,4,307485
644,2020,강원도,양구군,가로등,양,4,491717
645,2020,강원도,인제군,가로등,인제,4,938562
646,2020,강원도,고성군,가로등,고성,4,383981
647,2020,강원도,양양군,가로등,양양,4,905523
648,2016,강원도,춘천시,가로등,춘천,4,2392412
649,2016,강원도,원주시,가로등,원주,4,1811920
650,2016,강원도,강릉시,가로등,강릉,4,2107086
651,2016,강원도,동해시,가로등,동해,4,639571
652,2016,강원도,태백시,가로등,태백,4,322268
653,2016,강원도,속초시,가로등,속초,4,485636
654,2016,강원도,삼척시,가로등,삼척,4,736041
655,2016,강원도,홍천군,가로등,홍천,4,1272050
656,2016,강원도,횡성군,가로등,횡성,4,700785
657,2016,강원도,영월군,가로등,영월,4,800698
658,2016,강원도,평창군,가로등,평창,4,959467
659,2016,강원도,정선군,가로등,정선,4,553054
660,2016,강원도,철원군,가로등,철원,4,330356
661,2016,강원도,화천군,가로등,화천,4,357982
662,2016,강원도,양구군,가로등,양,4,537339
663,2016,강원도,인제군,가로등,인제,4,493289
664,2016,강원도,고성군,가로등,고성,4,413314
665,2016,강원도,양양군,가로등,양양,4,395770
666,2022,강원도,춘천시,가로등,춘천,4,1783793
667,2022,강원도,원주시,가로등,원주,4,1993696
668,2022,강원도,강릉시,가로등,강릉,4,2162205
669,2022,강원도,동해시,가로등,동해,4,460945
670,2022,강원도,태백시,가로등,태백,4,246104
671,2022,강원도,속초시,가로등,속초,4,490259
672,2022,강원도,삼척시,가로등,삼척,4,1037677
673,2022,강원도,홍천군,가로등,홍천,4,1296404
674,2022,강원도,횡성군,가로등,횡성,4,742050
675,2022,강원도,영월군,가로등,영월,4,756654
676,2022,강원도,평창군,가로등,평창,4,1103085
677,2022,강원도,정선군,가로등,정선,4,712368
678,2022,강원도,철원군,가로등,철원,4,314888
679,2022,강원도,화천군,가로등,화천,4,322034
680,2022,강원도,양구군,가로등,양,4,497543
681,2022,강원도,인제군,가로등,인제,4,936483
682,2022,강원도,고성군,가로등,고성,4,293789
683,2022,강원도,양양군,가로등,양양,4,936252
684,2018,강원도,춘천시,가로등,춘천,4,2455561
685,2018,강원도,원주시,가로등,원주,4,1970808
686,2018,강원도,강릉시,가로등,강릉,4,2324179
687,2018,강원도,동해시,가로등,동해,4,429198
688,2018,강원도,태백시,가로등,태백,4,363037
689,2018,강원도,속초시,가로등,속초,4,496588
690,2018,강원도,삼척시,가로등,삼척,4,1071133
691,2018,강원도,홍천군,가로등,홍천,4,2984294
692,2018,강원도,횡성군,가로등,횡성,4,734449
693,2018,강원도,영월군,가로등,영월,4,884457
694,2018,강원도,평창군,가로등,평창,4,1087636
695,2018,강원도,정선군,가로등,정선,4,728599
696,2018,강원도,철원군,가로등,철원,4,316323
697,2018,강원도,화천군,가로등,화천,4,332969
698,2018,강원도,양구군,가로등,양,4,544949
699,2018,강원도,인제군,가로등,인제,4,934154
700,2018,강원도,고성군,가로등,고성,4,388041
701,2018,강원도,양양군,가로등,양양,4,972537
702,2024,강원도,춘천시,가로등,춘천,4,1713323
703,2024,강원도,원주시,가로등,원주,4,2008296
704,2024,강원도,강릉시,가로등,강릉,4,2069044
705,2024,강원도,동해시,가로등,동해,4,458943
706,2024,강원도,태백시,가로등,태백,4,262794
707,2024,강원도,속초시,가로등,속초,4,472961
708,2024,강원도,삼척시,가로등,삼척,4,1067900
709,2024,강원도,홍천군,가로등,홍천,4,1233609
710,2024,강원도,횡성군,가로등,횡성,4,654193
711,2024,강원도,영월군,가로등,영월,4,727280
712,2024,강원도,평창군,가로등,평창,4,1070316
713,2024,강원도,정선군,가로등,정선,4,736688
714,2024,강원도,철원군,가로등,철원,4,323208
715,2024,강원도,화천군,가로등,화천,4,327677
716,2024,강원도,양구군,가로등,양,4,452639
717,2024,강원도,인제군,가로등,인제,4,948587
718,2024,강원도,고성군,가로등,고성,4,303704
719,2024,강원도,양양군,가로등,양양,4,965638
720,2017,강원도,춘천시,가로등,춘천,5,2328160
721,2017,강원도,원주시,가로등,원주,5,1748115
722,2017,강원도,강릉시,가로등,강릉,5,2130772
723,2017,강원도,동해시,가로등,동해,5,392810
724,2017,강원도,태백시,가로등,태백,5,310749
725,2017,강원도,속초시,가로등,속초,5,474670
726,2017,강원도,삼척시,가로등,삼척,5,1213279
727,2017,강원도,홍천군,가로등,홍천,5,1613914
728,2017,강원도,횡성군,가로등,횡성,5,735384
729,2017,강원도,영월군,가로등,영월,5,775809
730,2017,강원도,평창군,가로등,평창,5,950631
731,2017,강원도,정선군,가로등,정선,5,518910
732,2017,강원도,철원군,가로등,철원,5,322120
733,2017,강원도,화천군,가로등,화천,5,353811
734,2017,강원도,양구군,가로등,양,5,533371
735,2017,강원도,인제군,가로등,인제,5,482976
736,2017,강원도,고성군,가로등,고성,5,366316
737,2017,강원도,양양군,가로등,양양,5,948054
738,2021,강원도,춘천시,가로등,춘천,5,1827385
739,2021,강원도,원주시,가로등,원주,5,1798167
740,2021,강원도,강릉시,가로등,강릉,5,2116684
741,2021,강원도,동해시,가로등,동해,5,424037
742,2021,강원도,태백시,가로등,태백,5,242231
743,2021,강원도,속초시,가로등,속초,5,446069
744,2021,강원도,삼척시,가로등,삼척,5,1025107
745,2021,강원도,홍천군,가로등,홍천,5,1421965
746,2021,강원도,횡성군,가로등,횡성,5,704201
747,2021,강원도,영월군,가로등,영월,5,767936
748,2021,강원도,평창군,가로등,평창,5,1087904
749,2021,강원도,정선군,가로등,정선,5,695351
750,2021,강원도,철원군,가로등,철원,5,279719
751,2021,강원도,화천군,가로등,화천,5,294663
752,2021,강원도,양구군,가로등,양,5,466450
753,2021,강원도,인제군,가로등,인제,5,935892
754,2021,강원도,고성군,가로등,고성,5,373027
755,2021,강원도,양양군,가로등,양양,5,1007064
756,2015,강원도,춘천시,가로등,춘천,5,2118046
757,2015,강원도,원주시,가로등,원주,5,1542087
758,2015,강원도,강릉시,가로등,강릉,5,1889600
759,2015,강원도,동해시,가로등,동해,5,585167
760,2015,강원도,태백시,가로등,태백,5,309951
761,2015,강원도,속초시,가로등,속초,5,424150
762,2015,강원도,삼척시,가로등,삼척,5,681753
763,2015,강원도,홍천군,가로등,홍천,5,1072713
764,2015,강원도,횡성군,가로등,횡성,5,609018
765,2015,강원도,영월군,가로등,영월,5,719307
766,2015,강원도,평창군,가로등,평창,5,876415
767,2015,강원도,정선군,가로등,정선,5,527705
768,2015,강원도,철원군,가로등,철원,5,284642
769,2015,강원도,화천군,가로등,화천,5,337453
770,2015,강원도,양구군,가로등,양,5,512764
771,2015,강원도,인제군,가로등,인제,5,459042
772,2015,강원도,고성군,가로등,고성,5,357749
773,2015,강원도,양양군,가로등,양양,5,357896
774,2019,강원도,춘천시,가로등,춘천,5,2338937
775,2019,강원도,원주시,가로등,원주,5,1826151
776,2019,강원도,강릉시,가로등,강릉,5,2177541
777,2019,강원도,동해시,가로등,동해,5,414883
778,2019,강원도,태백시,가로등,태백,5,336529
779,2019,강원도,속초시,가로등,속초,5,451454
780,2019,강원도,삼척시,가로등,삼척,5,1064869
781,2019,강원도,홍천군,가로등,홍천,5,1499514
782,2019,강원도,횡성군,가로등,횡성,5,733531
783,2019,강원도,영월군,가로등,영월,5,761366
784,2019,강원도,평창군,가로등,평창,5,1139332
785,2019,강원도,정선군,가로등,정선,5,701977
786,2019,강원도,철원군,가로등,철원,5,303301
787,2019,강원도,화천군,가로등,화천,5,294773
788,2019,강원도,양구군,가로등,양,5,483524
789,2019,강원도,인제군,가로등,인제,5,951169
790,2019,강원도,고성군,가로등,고성,5,371060
791,2019,강원도,양양군,가로등,양양,5,1013323
792,2023,강원도,춘천시,가로등,춘천,5,1690672
793,2023,강원도,원주시,가로등,원주,5,1843484
794,2023,강원도,강릉시,가로등,강릉,5,2024211
795,2023,강원도,동해시,가로등,동해,5,440836
796,2023,강원도,태백시,가로등,태백,5,247597
797,2023,강원도,속초시,가로등,속초,5,431098
798,2023,강원도,삼척시,가로등,삼척,5,1017785
799,2023,강원도,홍천군,가로등,홍천,5,1213992
800,2023,강원도,횡성군,가로등,횡성,5,703544
801,2023,강원도,영월군,가로등,영월,5,671416
802,2023,강원도,평창군,가로등,평창,5,1032512
803,2023,강원도,정선군,가로등,정선,5,711729
804,2023,강원도,철원군,가로등,철원,5,300510
805,2023,강원도,화천군,가로등,화천,5,308122
806,2023,강원도,양구군,가로등,양,5,467989
807,2023,강원도,인제군,가로등,인제,5,961013
808,2023,강원도,고성군,가로등,고성,5,268199
809,2023,강원도,양양군,가로등,양양,5,1016218
810,2020,강원도,춘천시,가로등,춘천,5,1933040
811,2020,강원도,원주시,가로등,원주,5,1742705
812,2020,강원도,강릉시,가로등,강릉,5,2137387
813,2020,강원도,동해시,가로등,동해,5,407973
814,2020,강원도,태백시,가로등,태백,5,293569
815,2020,강원도,속초시,가로등,속초,5,425765
816,2020,강원도,삼척시,가로등,삼척,5,1029639
817,2020,강원도,홍천군,가로등,홍천,5,1355945
818,2020,강원도,횡성군,가로등,횡성,5,708722
819,2020,강원도,영월군,가로등,영월,5,735565
820,2020,강원도,평창군,가로등,평창,5,1119135
821,2020,강원도,정선군,가로등,정선,5,684496
822,2020,강원도,철원군,가로등,철원,5,297076
823,2020,강원도,화천군,가로등,화천,5,293870
824,2020,강원도,양구군,가로등,양,5,477675
825,2020,강원도,인제군,가로등,인제,5,904839
826,2020,강원도,고성군,가로등,고성,5,367684
827,2020,강원도,양양군,가로등,양양,5,911144
828,2016,강원도,춘천시,가로등,춘천,5,2372267
829,2016,강원도,원주시,가로등,원주,5,1752035
830,2016,강원도,강릉시,가로등,강릉,5,1977232
831,2016,강원도,동해시,가로등,동해,5,567947
832,2016,강원도,태백시,가로등,태백,5,290773
833,2016,강원도,속초시,가로등,속초,5,435061
834,2016,강원도,삼척시,가로등,삼척,5,681394
835,2016,강원도,홍천군,가로등,홍천,5,1351574
836,2016,강원도,횡성군,가로등,횡성,5,735948
837,2016,강원도,영월군,가로등,영월,5,747241
838,2016,강원도,평창군,가로등,평창,5,1030806
839,2016,강원도,정선군,가로등,정선,5,512695
840,2016,강원도,철원군,가로등,철원,5,311374
841,2016,강원도,화천군,가로등,화천,5,317891
842,2016,강원도,양구군,가로등,양,5,512284
843,2016,강원도,인제군,가로등,인제,5,472645
844,2016,강원도,고성군,가로등,고성,5,384803
845,2016,강원도,양양군,가로등,양양,5,359153
846,2022,강원도,춘천시,가로등,춘천,5,1739559
847,2022,강원도,원주시,가로등,원주,5,1848922
848,2022,강원도,강릉시,가로등,강릉,5,2059050
849,2022,강원도,동해시,가로등,동해,5,437347
850,2022,강원도,태백시,가로등,태백,5,229658
851,2022,강원도,속초시,가로등,속초,5,443054
852,2022,강원도,삼척시,가로등,삼척,5,1022495
853,2022,강원도,홍천군,가로등,홍천,5,1311872
854,2022,강원도,횡성군,가로등,횡성,5,715573
855,2022,강원도,영월군,가로등,영월,5,741321
856,2022,강원도,평창군,가로등,평창,5,1082927
857,2022,강원도,정선군,가로등,정선,5,687135
858,2022,강원도,철원군,가로등,철원,5,290715
859,2022,강원도,화천군,가로등,화천,5,313431
860,2022,강원도,양구군,가로등,양,5,476163
861,2022,강원도,인제군,가로등,인제,5,960311
862,2022,강원도,고성군,가로등,고성,5,276906
863,2022,강원도,양양군,가로등,양양,5,954831
864,2018,강원도,춘천시,가로등,춘천,5,2332769
865,2018,강원도,원주시,가로등,원주,5,1857188
866,2018,강원도,강릉시,가로등,강릉,5,2162340
867,2018,강원도,동해시,가로등,동해,5,406042
868,2018,강원도,태백시,가로등,태백,5,325388
869,2018,강원도,속초시,가로등,속초,5,442064
870,2018,강원도,삼척시,가로등,삼척,5,1050334
871,2018,강원도,홍천군,가로등,홍천,5,-20584
872,2018,강원도,횡성군,가로등,횡성,5,689551
873,2018,강원도,영월군,가로등,영월,5,841086
874,2018,강원도,평창군,가로등,평창,5,1043634
875,2018,강원도,정선군,가로등,정선,5,703067
876,2018,강원도,철원군,가로등,철원,5,291514
877,2018,강원도,화천군,가로등,화천,5,328758
878,2018,강원도,양구군,가로등,양,5,526642
879,2018,강원도,인제군,가로등,인제,5,899746
880,2018,강원도,고성군,가로등,고성,5,359927
881,2018,강원도,양양군,가로등,양양,5,982047
882,2024,강원도,춘천시,가로등,춘천,5,1620895
883,2024,강원도,원주시,가로등,원주,5,1857402
884,2024,강원도,강릉시,가로등,강릉,5,1919984
885,2024,강원도,동해시,가로등,동해,5,419034
886,2024,강원도,태백시,가로등,태백,5,251368
887,2024,강원도,속초시,가로등,속초,5,429215
888,2024,강원도,삼척시,가로등,삼척,5,1026937
889,2024,강원도,홍천군,가로등,홍천,5,1247102
890,2024,강원도,횡성군,가로등,횡성,5,643563
891,2024,강원도,영월군,가로등,영월,5,687827
892,2024,강원도,평창군,가로등,평창,5,1036296
893,2024,강원도,정선군,가로등,정선,5,702856
894,2024,강원도,철원군,가로등,철원,5,296995
895,2024,강원도,화천군,가로등,화천,5,314633
896,2024,강원도,양구군,가로등,양,5,426333
897,2024,강원도,인제군,가로등,인제,5,963825
898,2024,강원도,고성군,가로등,고성,5,295118
899,2024,강원도,양양군,가로등,양양,5,982080
900,2017,강원도,춘천시,가로등,춘천,6,2308839
901,2017,강원도,원주시,가로등,원주,6,1711476
902,2017,강원도,강릉시,가로등,강릉,6,1998652
903,2017,강원도,동해시,가로등,동해,6,382049
904,2017,강원도,태백시,가로등,태백,6,287983
905,2017,강원도,속초시,가로등,속초,6,439142
906,2017,강원도,삼척시,가로등,삼척,6,1199850
907,2017,강원도,홍천군,가로등,홍천,6,1847505
908,2017,강원도,횡성군,가로등,횡성,6,714722
909,2017,강원도,영월군,가로등,영월,6,785391
910,2017,강원도,평창군,가로등,평창,6,949533
911,2017,강원도,정선군,가로등,정선,6,527706
912,2017,강원도,철원군,가로등,철원,6,302027
913,2017,강원도,화천군,가로등,화천,6,341568
914,2017,강원도,양구군,가로등,양,6,527086
915,2017,강원도,인제군,가로등,인제,6,584552
916,2017,강원도,고성군,가로등,고성,6,349366
917,2017,강원도,양양군,가로등,양양,6,1130791
918,2021,강원도,춘천시,가로등,춘천,6,1802367
919,2021,강원도,원주시,가로등,원주,6,1747146
920,2021,강원도,강릉시,가로등,강릉,6,2066449
921,2021,강원도,동해시,가로등,동해,6,405623
922,2021,강원도,태백시,가로등,태백,6,217483
923,2021,강원도,속초시,가로등,속초,6,418120
924,2021,강원도,삼척시,가로등,삼척,6,997571
925,2021,강원도,홍천군,가로등,홍천,6,1429333
926,2021,강원도,횡성군,가로등,횡성,6,699909
927,2021,강원도,영월군,가로등,영월,6,784600
928,2021,강원도,평창군,가로등,평창,6,1090062
929,2021,강원도,정선군,가로등,정선,6,672716
930,2021,강원도,철원군,가로등,철원,6,259346
931,2021,강원도,화천군,가로등,화천,6,284201
932,2021,강원도,양구군,가로등,양,6,457477
933,2021,강원도,인제군,가로등,인제,6,930324
934,2021,강원도,고성군,가로등,고성,6,347608
935,2021,강원도,양양군,가로등,양양,6,969439
936,2015,강원도,춘천시,가로등,춘천,6,2048363
937,2015,강원도,원주시,가로등,원주,6,1498911
938,2015,강원도,강릉시,가로등,강릉,6,1887001
939,2015,강원도,동해시,가로등,동해,6,550894
940,2015,강원도,태백시,가로등,태백,6,291499
941,2015,강원도,속초시,가로등,속초,6,393424
942,2015,강원도,삼척시,가로등,삼척,6,653807
943,2015,강원도,홍천군,가로등,홍천,6,1059046
944,2015,강원도,횡성군,가로등,횡성,6,581837
945,2015,강원도,영월군,가로등,영월,6,725009
946,2015,강원도,평창군,가로등,평창,6,901921
947,2015,강원도,정선군,가로등,정선,6,505920
948,2015,강원도,철원군,가로등,철원,6,268580
949,2015,강원도,화천군,가로등,화천,6,340199
950,2015,강원도,양구군,가로등,양,6,538758
951,2015,강원도,인제군,가로등,인제,6,440690
952,2015,강원도,고성군,가로등,고성,6,423131
953,2015,강원도,양양군,가로등,양양,6,349894
954,2019,강원도,춘천시,가로등,춘천,6,2138058
955,2019,강원도,원주시,가로등,원주,6,1752875
956,2019,강원도,강릉시,가로등,강릉,6,2127235
957,2019,강원도,동해시,가로등,동해,6,402255
958,2019,강원도,태백시,가로등,태백,6,320309
959,2019,강원도,속초시,가로등,속초,6,423337
960,2019,강원도,삼척시,가로등,삼척,6,1067487
961,2019,강원도,홍천군,가로등,홍천,6,1507889
962,2019,강원도,횡성군,가로등,횡성,6,755527
963,2019,강원도,영월군,가로등,영월,6,765333
964,2019,강원도,평창군,가로등,평창,6,1135592
965,2019,강원도,정선군,가로등,정선,6,696648
966,2019,강원도,철원군,가로등,철원,6,277973
967,2019,강원도,화천군,가로등,화천,6,313040
968,2019,강원도,양구군,가로등,양,6,476743
969,2019,강원도,인제군,가로등,인제,6,1017306
970,2019,강원도,고성군,가로등,고성,6,345342
971,2019,강원도,양양군,가로등,양양,6,996468
972,2023,강원도,춘천시,가로등,춘천,6,1672838
973,2023,강원도,원주시,가로등,원주,6,1781672
974,2023,강원도,강릉시,가로등,강릉,6,1987989
975,2023,강원도,동해시,가로등,동해,6,427708
976,2023,강원도,태백시,가로등,태백,6,236447
977,2023,강원도,속초시,가로등,속초,6,406348
978,2023,강원도,삼척시,가로등,삼척,6,1022173
979,2023,강원도,홍천군,가로등,홍천,6,1259919
980,2023,강원도,횡성군,가로등,횡성,6,707946
981,2023,강원도,영월군,가로등,영월,6,682376
982,2023,강원도,평창군,가로등,평창,6,1041175
983,2023,강원도,정선군,가로등,정선,6,695045
984,2023,강원도,철원군,가로등,철원,6,283720
985,2023,강원도,화천군,가로등,화천,6,302084
986,2023,강원도,양구군,가로등,양,6,465011
987,2023,강원도,인제군,가로등,인제,6,1005833
988,2023,강원도,고성군,가로등,고성,6,281924
989,2023,강원도,양양군,가로등,양양,6,1019819
990,2020,강원도,춘천시,가로등,춘천,6,1924006
991,2020,강원도,원주시,가로등,원주,6,1724080
992,2020,강원도,강릉시,가로등,강릉,6,2083380
993,2020,강원도,동해시,가로등,동해,6,399480
994,2020,강원도,태백시,가로등,태백,6,266481
995,2020,강원도,속초시,가로등,속초,6,398704
996,2020,강원도,삼척시,가로등,삼척,6,1048655
997,2020,강원도,홍천군,가로등,홍천,6,1413318
998,2020,강원도,횡성군,가로등,횡성,6,727254
999,2020,강원도,영월군,가로등,영월,6,748854
1000,2020,강원도,평창군,가로등,평창,6,1114730
1001,2020,강원도,정선군,가로등,정선,6,648630
1002,2020,강원도,철원군,가로등,철원,6,273855
1003,2020,강원도,화천군,가로등,화천,6,293888
1004,2020,강원도,양구군,가로등,양,6,475976
1005,2020,강원도,인제군,가로등,인제,6,914061
1006,2020,강원도,고성군,가로등,고성,6,338819
1007,2020,강원도,양양군,가로등,양양,6,927545
1008,2016,강원도,춘천시,가로등,춘천,6,2325185
1009,2016,강원도,원주시,가로등,원주,6,1739587
1010,2016,강원도,강릉시,가로등,강릉,6,1958424
1011,2016,강원도,동해시,가로등,동해,6,532865
1012,2016,강원도,태백시,가로등,태백,6,275560
1013,2016,강원도,속초시,가로등,속초,6,403346
1014,2016,강원도,삼척시,가로등,삼척,6,652899
1015,2016,강원도,홍천군,가로등,홍천,6,1364002
1016,2016,강원도,횡성군,가로등,횡성,6,744771
1017,2016,강원도,영월군,가로등,영월,6,746552
1018,2016,강원도,평창군,가로등,평창,6,1058917
1019,2016,강원도,정선군,가로등,정선,6,512322
1020,2016,강원도,철원군,가로등,철원,6,299921
1021,2016,강원도,화천군,가로등,화천,6,345649
1022,2016,강원도,양구군,가로등,양,6,528844
1023,2016,강원도,인제군,가로등,인제,6,453520
1024,2016,강원도,고성군,가로등,고성,6,358022
1025,2016,강원도,양양군,가로등,양양,6,367917
1026,2022,강원도,춘천시,가로등,춘천,6,1690949
1027,2022,강원도,원주시,가로등,원주,6,1762970
1028,2022,강원도,강릉시,가로등,강릉,6,2025335
1029,2022,강원도,동해시,가로등,동해,6,428478
1030,2022,강원도,태백시,가로등,태백,6,218096
1031,2022,강원도,속초시,가로등,속초,6,421732
1032,2022,강원도,삼척시,가로등,삼척,6,1015987
1033,2022,강원도,홍천군,가로등,홍천,6,1291347
1034,2022,강원도,횡성군,가로등,횡성,6,733654
1035,2022,강원도,영월군,가로등,영월,6,745447
1036,2022,강원도,평창군,가로등,평창,6,1077694
1037,2022,강원도,정선군,가로등,정선,6,667343
1038,2022,강원도,철원군,가로등,철원,6,273439
1039,2022,강원도,화천군,가로등,화천,6,310285
1040,2022,강원도,양구군,가로등,양,6,480713
1041,2022,강원도,인제군,가로등,인제,6,990929
1042,2022,강원도,고성군,가로등,고성,6,260275
1043,2022,강원도,양양군,가로등,양양,6,928285
1044,2018,강원도,춘천시,가로등,춘천,6,2094097
1045,2018,강원도,원주시,가로등,원주,6,1855504
1046,2018,강원도,강릉시,가로등,강릉,6,2116285
1047,2018,강원도,동해시,가로등,동해,6,390401
1048,2018,강원도,태백시,가로등,태백,6,311323
1049,2018,강원도,속초시,가로등,속초,6,418955
1050,2018,강원도,삼척시,가로등,삼척,6,1069880
1051,2018,강원도,홍천군,가로등,홍천,6,1583656
1052,2018,강원도,횡성군,가로등,횡성,6,661603
1053,2018,강원도,영월군,가로등,영월,6,858480
1054,2018,강원도,평창군,가로등,평창,6,1031143
1055,2018,강원도,정선군,가로등,정선,6,700631
1056,2018,강원도,철원군,가로등,철원,6,281452
1057,2018,강원도,화천군,가로등,화천,6,322553
1058,2018,강원도,양구군,가로등,양,6,527388
1059,2018,강원도,인제군,가로등,인제,6,886236
1060,2018,강원도,고성군,가로등,고성,6,342019
1061,2018,강원도,양양군,가로등,양양,6,985608
1062,2024,강원도,춘천시,가로등,춘천,6,1630955
1063,2024,강원도,원주시,가로등,원주,6,1818149
1064,2024,강원도,강릉시,가로등,강릉,6,1880213
1065,2024,강원도,동해시,가로등,동해,6,402931
1066,2024,강원도,태백시,가로등,태백,6,239398
1067,2024,강원도,속초시,가로등,속초,6,415641
1068,2024,강원도,삼척시,가로등,삼척,6,1054443
1069,2024,강원도,홍천군,가로등,홍천,6,1288270
1070,2024,강원도,횡성군,가로등,횡성,6,650601
1071,2024,강원도,영월군,가로등,영월,6,690269
1072,2024,강원도,평창군,가로등,평창,6,1044731
1073,2024,강원도,정선군,가로등,정선,6,698506
1074,2024,강원도,철원군,가로등,철원,6,278853
1075,2024,강원도,화천군,가로등,화천,6,312428
1076,2024,강원도,양구군,가로등,양,6,408434
1077,2024,강원도,인제군,가로등,인제,6,1013179
1078,2024,강원도,고성군,가로등,고성,6,278142
1079,2024,강원도,양양군,가로등,양양,6,991020
1080,2017,강원도,춘천시,가로등,춘천,7,2190390
1081,2017,강원도,원주시,가로등,원주,7,1625164
1082,2017,강원도,강릉시,가로등,강릉,7,1933557
1083,2017,강원도,동해시,가로등,동해,7,367963
1084,2017,강원도,태백시,가로등,태백,7,280052
1085,2017,강원도,속초시,가로등,속초,7,418754
1086,2017,강원도,삼척시,가로등,삼척,7,1167835
1087,2017,강원도,홍천군,가로등,홍천,7,1784600
1088,2017,강원도,횡성군,가로등,횡성,7,723809
1089,2017,강원도,영월군,가로등,영월,7,790205
1090,2017,강원도,평창군,가로등,평창,7,851853
1091,2017,강원도,정선군,가로등,정선,7,522425
1092,2017,강원도,철원군,가로등,철원,7,310444
1093,2017,강원도,화천군,가로등,화천,7,338430
1094,2017,강원도,양구군,가로등,양,7,529225
1095,2017,강원도,인제군,가로등,인제,7,1686265
1096,2017,강원도,고성군,가로등,고성,7,357025
1097,2017,강원도,양양군,가로등,양양,7,956208
1098,2021,강원도,춘천시,가로등,춘천,7,1763208
1099,2021,강원도,원주시,가로등,원주,7,1702808
1100,2021,강원도,강릉시,가로등,강릉,7,2038350
1101,2021,강원도,동해시,가로등,동해,7,397280
1102,2021,강원도,태백시,가로등,태백,7,213708
1103,2021,강원도,속초시,가로등,속초,7,404041
1104,2021,강원도,삼척시,가로등,삼척,7,972724
1105,2021,강원도,홍천군,가로등,홍천,7,1435756
1106,2021,강원도,횡성군,가로등,횡성,7,690655
1107,2021,강원도,영월군,가로등,영월,7,765948
1108,2021,강원도,평창군,가로등,평창,7,1076213
1109,2021,강원도,정선군,가로등,정선,7,668156
1110,2021,강원도,철원군,가로등,철원,7,264708
1111,2021,강원도,화천군,가로등,화천,7,290007
1112,2021,강원도,양구군,가로등,양,7,450125
1113,2021,강원도,인제군,가로등,인제,7,911589
1114,2021,강원도,고성군,가로등,고성,7,354062
1115,2021,강원도,양양군,가로등,양양,7,985804
1116,2015,강원도,춘천시,가로등,춘천,7,2001265
1117,2015,강원도,원주시,가로등,원주,7,1269007
1118,2015,강원도,강릉시,가로등,강릉,7,1817699
1119,2015,강원도,동해시,가로등,동해,7,530344
1120,2015,강원도,태백시,가로등,태백,7,286127
1121,2015,강원도,속초시,가로등,속초,7,373553
1122,2015,강원도,삼척시,가로등,삼척,7,653516
1123,2015,강원도,홍천군,가로등,홍천,7,1044060
1124,2015,강원도,횡성군,가로등,횡성,7,579651
1125,2015,강원도,영월군,가로등,영월,7,718686
1126,2015,강원도,평창군,가로등,평창,7,860552
1127,2015,강원도,정선군,가로등,정선,7,499683
1128,2015,강원도,철원군,가로등,철원,7,276532
1129,2015,강원도,화천군,가로등,화천,7,328451
1130,2015,강원도,양구군,가로등,양,7,508872
1131,2015,강원도,인제군,가로등,인제,7,439919
1132,2015,강원도,고성군,가로등,고성,7,342355
1133,2015,강원도,양양군,가로등,양양,7,333759
1134,2019,강원도,춘천시,가로등,춘천,7,2021197
1135,2019,강원도,원주시,가로등,원주,7,1698601
1136,2019,강원도,강릉시,가로등,강릉,7,2092047
1137,2019,강원도,동해시,가로등,동해,7,377467
1138,2019,강원도,태백시,가로등,태백,7,288422
1139,2019,강원도,속초시,가로등,속초,7,400577
1140,2019,강원도,삼척시,가로등,삼척,7,1009035
1141,2019,강원도,홍천군,가로등,홍천,7,1450586
1142,2019,강원도,횡성군,가로등,횡성,7,737132
1143,2019,강원도,영월군,가로등,영월,7,739839
1144,2019,강원도,평창군,가로등,평창,7,1092903
1145,2019,강원도,정선군,가로등,정선,7,682434
1146,2019,강원도,철원군,가로등,철원,7,266390
1147,2019,강원도,화천군,가로등,화천,7,284225
1148,2019,강원도,양구군,가로등,양,7,447445
1149,2019,강원도,인제군,가로등,인제,7,961512
1150,2019,강원도,고성군,가로등,고성,7,344459
1151,2019,강원도,양양군,가로등,양양,7,982049
1152,2023,강원도,춘천시,가로등,춘천,7,1575809
1153,2023,강원도,원주시,가로등,원주,7,1702415
1154,2023,강원도,강릉시,가로등,강릉,7,1982549
1155,2023,강원도,동해시,가로등,동해,7,419381
1156,2023,강원도,태백시,가로등,태백,7,229141
1157,2023,강원도,속초시,가로등,속초,7,393880
1158,2023,강원도,삼척시,가로등,삼척,7,986922
1159,2023,강원도,홍천군,가로등,홍천,7,1165454
1160,2023,강원도,횡성군,가로등,횡성,7,673173
1161,2023,강원도,영월군,가로등,영월,7,650551
1162,2023,강원도,평창군,가로등,평창,7,1013125
1163,2023,강원도,정선군,가로등,정선,7,684402
1164,2023,강원도,철원군,가로등,철원,7,281446
1165,2023,강원도,화천군,가로등,화천,7,300596
1166,2023,강원도,양구군,가로등,양,7,442378
1167,2023,강원도,인제군,가로등,인제,7,973786
1168,2023,강원도,고성군,가로등,고성,7,283612
1169,2023,강원도,양양군,가로등,양양,7,1009662
1170,2020,강원도,춘천시,가로등,춘천,7,1912934
1171,2020,강원도,원주시,가로등,원주,7,1628277
1172,2020,강원도,강릉시,가로등,강릉,7,2042837
1173,2020,강원도,동해시,가로등,동해,7,395440
1174,2020,강원도,태백시,가로등,태백,7,254559
1175,2020,강원도,속초시,가로등,속초,7,385488
1176,2020,강원도,삼척시,가로등,삼척,7,979925
1177,2020,강원도,홍천군,가로등,홍천,7,1357358
1178,2020,강원도,횡성군,가로등,횡성,7,733168
1179,2020,강원도,영월군,가로등,영월,7,711199
1180,2020,강원도,평창군,가로등,평창,7,1092592
1181,2020,강원도,정선군,가로등,정선,7,699258
1182,2020,강원도,철원군,가로등,철원,7,276341
1183,2020,강원도,화천군,가로등,화천,7,290780
1184,2020,강원도,양구군,가로등,양,7,459799
1185,2020,강원도,인제군,가로등,인제,7,908372
1186,2020,강원도,고성군,가로등,고성,7,344284
1187,2020,강원도,양양군,가로등,양양,7,887901
1188,2016,강원도,춘천시,가로등,춘천,7,2181217
1189,2016,강원도,원주시,가로등,원주,7,1686307
1190,2016,강원도,강릉시,가로등,강릉,7,1938946
1191,2016,강원도,동해시,가로등,동해,7,528163
1192,2016,강원도,태백시,가로등,태백,7,273896
1193,2016,강원도,속초시,가로등,속초,7,389511
1194,2016,강원도,삼척시,가로등,삼척,7,642484
1195,2016,강원도,홍천군,가로등,홍천,7,1313931
1196,2016,강원도,횡성군,가로등,횡성,7,714734
1197,2016,강원도,영월군,가로등,영월,7,747311
1198,2016,강원도,평창군,가로등,평창,7,1012810
1199,2016,강원도,정선군,가로등,정선,7,498301
1200,2016,강원도,철원군,가로등,철원,7,300585
1201,2016,강원도,화천군,가로등,화천,7,344819
1202,2016,강원도,양구군,가로등,양,7,519219
1203,2016,강원도,인제군,가로등,인제,7,466810
1204,2016,강원도,고성군,가로등,고성,7,361344
1205,2016,강원도,양양군,가로등,양양,7,374323
1206,2022,강원도,춘천시,가로등,춘천,7,1633548
1207,2022,강원도,원주시,가로등,원주,7,1669597
1208,2022,강원도,강릉시,가로등,강릉,7,2010563
1209,2022,강원도,동해시,가로등,동해,7,406741
1210,2022,강원도,태백시,가로등,태백,7,213255
1211,2022,강원도,속초시,가로등,속초,7,406426
1212,2022,강원도,삼척시,가로등,삼척,7,993383
1213,2022,강원도,홍천군,가로등,홍천,7,1210034
1214,2022,강원도,횡성군,가로등,횡성,7,713413
1215,2022,강원도,영월군,가로등,영월,7,716428
1216,2022,강원도,평창군,가로등,평창,7,1060879
1217,2022,강원도,정선군,가로등,정선,7,672993
1218,2022,강원도,철원군,가로등,철원,7,275399
1219,2022,강원도,화천군,가로등,화천,7,299806
1220,2022,강원도,양구군,가로등,양,7,451685
1221,2022,강원도,인제군,가로등,인제,7,933297
1222,2022,강원도,고성군,가로등,고성,7,257935
1223,2022,강원도,양양군,가로등,양양,7,958370
1224,2018,강원도,춘천시,가로등,춘천,7,2234265
1225,2018,강원도,원주시,가로등,원주,7,1859745
1226,2018,강원도,강릉시,가로등,강릉,7,2044195
1227,2018,강원도,동해시,가로등,동해,7,372255
1228,2018,강원도,태백시,가로등,태백,7,304690
1229,2018,강원도,속초시,가로등,속초,7,416409
1230,2018,강원도,삼척시,가로등,삼척,7,1015688
1231,2018,강원도,홍천군,가로등,홍천,7,1487423
1232,2018,강원도,횡성군,가로등,횡성,7,655596
1233,2018,강원도,영월군,가로등,영월,7,830252
1234,2018,강원도,평창군,가로등,평창,7,1023829
1235,2018,강원도,정선군,가로등,정선,7,678464
1236,2018,강원도,철원군,가로등,철원,7,339170
1237,2018,강원도,화천군,가로등,화천,7,322876
1238,2018,강원도,양구군,가로등,양,7,510774
1239,2018,강원도,인제군,가로등,인제,7,1022039
1240,2018,강원도,고성군,가로등,고성,7,344882
1241,2018,강원도,양양군,가로등,양양,7,988537
1242,2024,강원도,춘천시,가로등,춘천,7,1536870
1243,2024,강원도,원주시,가로등,원주,7,1709715
1244,2024,강원도,강릉시,가로등,강릉,7,1860095
1245,2024,강원도,동해시,가로등,동해,7,397577
1246,2024,강원도,태백시,가로등,태백,7,229632
1247,2024,강원도,속초시,가로등,속초,7,395678
1248,2024,강원도,삼척시,가로등,삼척,7,1003229
1249,2024,강원도,홍천군,가로등,홍천,7,1164644
1250,2024,강원도,횡성군,가로등,횡성,7,622907
1251,2024,강원도,영월군,가로등,영월,7,669191
1252,2024,강원도,평창군,가로등,평창,7,1004738
1253,2024,강원도,정선군,가로등,정선,7,692922
1254,2024,강원도,철원군,가로등,철원,7,282838
1255,2024,강원도,화천군,가로등,화천,7,302103
1256,2024,강원도,양구군,가로등,양,7,385222
1257,2024,강원도,인제군,가로등,인제,7,986755
1258,2024,강원도,고성군,가로등,고성,7,278745
1259,2024,강원도,양양군,가로등,양양,7,953909
1260,2017,강원도,춘천시,가로등,춘천,8,2225603
1261,2017,강원도,원주시,가로등,원주,8,1722315
1262,2017,강원도,강릉시,가로등,강릉,8,2049263
1263,2017,강원도,동해시,가로등,동해,8,379944
1264,2017,강원도,태백시,가로등,태백,8,299835
1265,2017,강원도,속초시,가로등,속초,8,449260
1266,2017,강원도,삼척시,가로등,삼척,8,1209344
1267,2017,강원도,홍천군,가로등,홍천,8,1773576
1268,2017,강원도,횡성군,가로등,횡성,8,736048
1269,2017,강원도,영월군,가로등,영월,8,809646
1270,2017,강원도,평창군,가로등,평창,8,852925
1271,2017,강원도,정선군,가로등,정선,8,535281
1272,2017,강원도,철원군,가로등,철원,8,331843
1273,2017,강원도,화천군,가로등,화천,8,352024
1274,2017,강원도,양구군,가로등,양,8,551677
1275,2017,강원도,인제군,가로등,인제,8,1030285
1276,2017,강원도,고성군,가로등,고성,8,374349
1277,2017,강원도,양양군,가로등,양양,8,928130
1278,2021,강원도,춘천시,가로등,춘천,8,1865868
1279,2021,강원도,원주시,가로등,원주,8,1816478
1280,2021,강원도,강릉시,가로등,강릉,8,2195802
1281,2021,강원도,동해시,가로등,동해,8,445469
1282,2021,강원도,태백시,가로등,태백,8,228568
1283,2021,강원도,속초시,가로등,속초,8,422596
1284,2021,강원도,삼척시,가로등,삼척,8,1058655
1285,2021,강원도,홍천군,가로등,홍천,8,1436600
1286,2021,강원도,횡성군,가로등,횡성,8,732598
1287,2021,강원도,영월군,가로등,영월,8,811905
1288,2021,강원도,평창군,가로등,평창,8,1103444
1289,2021,강원도,정선군,가로등,정선,8,697802
1290,2021,강원도,철원군,가로등,철원,8,283480
1291,2021,강원도,화천군,가로등,화천,8,316396
1292,2021,강원도,양구군,가로등,양,8,466993
1293,2021,강원도,인제군,가로등,인제,8,952126
1294,2021,강원도,고성군,가로등,고성,8,380042
1295,2021,강원도,양양군,가로등,양양,8,959818
1296,2015,강원도,춘천시,가로등,춘천,8,2116143
1297,2015,강원도,원주시,가로등,원주,8,1592171
1298,2015,강원도,강릉시,가로등,강릉,8,1949633
1299,2015,강원도,동해시,가로등,동해,8,584254
1300,2015,강원도,태백시,가로등,태백,8,305792
1301,2015,강원도,속초시,가로등,속초,8,410215
1302,2015,강원도,삼척시,가로등,삼척,8,716919
1303,2015,강원도,홍천군,가로등,홍천,8,1109093
1304,2015,강원도,횡성군,가로등,횡성,8,642621
1305,2015,강원도,영월군,가로등,영월,8,759290
1306,2015,강원도,평창군,가로등,평창,8,891998
1307,2015,강원도,정선군,가로등,정선,8,529974
1308,2015,강원도,철원군,가로등,철원,8,291836
1309,2015,강원도,화천군,가로등,화천,8,330512
1310,2015,강원도,양구군,가로등,양,8,522055
1311,2015,강원도,인제군,가로등,인제,8,451155
1312,2015,강원도,고성군,가로등,고성,8,375901
1313,2015,강원도,양양군,가로등,양양,8,359380
1314,2019,강원도,춘천시,가로등,춘천,8,1999596
1315,2019,강원도,원주시,가로등,원주,8,1773278
1316,2019,강원도,강릉시,가로등,강릉,8,2212827
1317,2019,강원도,동해시,가로등,동해,8,398110
1318,2019,강원도,태백시,가로등,태백,8,300893
1319,2019,강원도,속초시,가로등,속초,8,438124
1320,2019,강원도,삼척시,가로등,삼척,8,1035478
1321,2019,강원도,홍천군,가로등,홍천,8,1451168
1322,2019,강원도,횡성군,가로등,횡성,8,708453
1323,2019,강원도,영월군,가로등,영월,8,752540
1324,2019,강원도,평창군,가로등,평창,8,1118381
1325,2019,강원도,정선군,가로등,정선,8,706121
1326,2019,강원도,철원군,가로등,철원,8,286985
1327,2019,강원도,화천군,가로등,화천,8,310152
1328,2019,강원도,양구군,가로등,양,8,442365
1329,2019,강원도,인제군,가로등,인제,8,957494
1330,2019,강원도,고성군,가로등,고성,8,370960
1331,2019,강원도,양양군,가로등,양양,8,984047
1332,2023,강원도,춘천시,가로등,춘천,8,1681499
1333,2023,강원도,원주시,가로등,원주,8,1793974
1334,2023,강원도,강릉시,가로등,강릉,8,2075244
1335,2023,강원도,동해시,가로등,동해,8,443074
1336,2023,강원도,태백시,가로등,태백,8,243919
1337,2023,강원도,속초시,가로등,속초,8,421064
1338,2023,강원도,삼척시,가로등,삼척,8,1038448
1339,2023,강원도,홍천군,가로등,홍천,8,1256848
1340,2023,강원도,횡성군,가로등,횡성,8,695750
1341,2023,강원도,영월군,가로등,영월,8,690060
1342,2023,강원도,평창군,가로등,평창,8,1054513
1343,2023,강원도,정선군,가로등,정선,8,713352
1344,2023,강원도,철원군,가로등,철원,8,306481
1345,2023,강원도,화천군,가로등,화천,8,310543
1346,2023,강원도,양구군,가로등,양,8,466181
1347,2023,강원도,인제군,가로등,인제,8,990602
1348,2023,강원도,고성군,가로등,고성,8,291585
1349,2023,강원도,양양군,가로등,양양,8,1004608
1350,2020,강원도,춘천시,가로등,춘천,8,1974495
1351,2020,강원도,원주시,가로등,원주,8,1668998
1352,2020,강원도,강릉시,가로등,강릉,8,2048090
1353,2020,강원도,동해시,가로등,동해,8,401846
1354,2020,강원도,태백시,가로등,태백,8,259654
1355,2020,강원도,속초시,가로등,속초,8,419882
1356,2020,강원도,삼척시,가로등,삼척,8,1015884
1357,2020,강원도,홍천군,가로등,홍천,8,1404403
1358,2020,강원도,횡성군,가로등,횡성,8,705522
1359,2020,강원도,영월군,가로등,영월,8,693958
1360,2020,강원도,평창군,가로등,평창,8,1104090
1361,2020,강원도,정선군,가로등,정선,8,686386
1362,2020,강원도,철원군,가로등,철원,8,292870
1363,2020,강원도,화천군,가로등,화천,8,289794
1364,2020,강원도,양구군,가로등,양,8,459694
1365,2020,강원도,인제군,가로등,인제,8,846540
1366,2020,강원도,고성군,가로등,고성,8,363374
1367,2020,강원도,양양군,가로등,양양,8,837891
1368,2016,강원도,춘천시,가로등,춘천,8,2320806
1369,2016,강원도,원주시,가로등,원주,8,1787886
1370,2016,강원도,강릉시,가로등,강릉,8,2106030
1371,2016,강원도,동해시,가로등,동해,8,593037
1372,2016,강원도,태백시,가로등,태백,8,294730
1373,2016,강원도,속초시,가로등,속초,8,419254
1374,2016,강원도,삼척시,가로등,삼척,8,722708
1375,2016,강원도,홍천군,가로등,홍천,8,1372988
1376,2016,강원도,횡성군,가로등,횡성,8,705848
1377,2016,강원도,영월군,가로등,영월,8,778434
1378,2016,강원도,평창군,가로등,평창,8,1088165
1379,2016,강원도,정선군,가로등,정선,8,515357
1380,2016,강원도,철원군,가로등,철원,8,321100
1381,2016,강원도,화천군,가로등,화천,8,336364
1382,2016,강원도,양구군,가로등,양,8,494103
1383,2016,강원도,인제군,가로등,인제,8,468652
1384,2016,강원도,고성군,가로등,고성,8,380894
1385,2016,강원도,양양군,가로등,양양,8,409541
1386,2022,강원도,춘천시,가로등,춘천,8,1662507
1387,2022,강원도,원주시,가로등,원주,8,1773251
1388,2022,강원도,강릉시,가로등,강릉,8,2081873
1389,2022,강원도,동해시,가로등,동해,8,425731
1390,2022,강원도,태백시,가로등,태백,8,225677
1391,2022,강원도,속초시,가로등,속초,8,425816
1392,2022,강원도,삼척시,가로등,삼척,8,1009972
1393,2022,강원도,홍천군,가로등,홍천,8,1198806
1394,2022,강원도,횡성군,가로등,횡성,8,713364
1395,2022,강원도,영월군,가로등,영월,8,722598
1396,2022,강원도,평창군,가로등,평창,8,1072056
1397,2022,강원도,정선군,가로등,정선,8,692562
1398,2022,강원도,철원군,가로등,철원,8,296246
1399,2022,강원도,화천군,가로등,화천,8,312758
1400,2022,강원도,양구군,가로등,양,8,474882
1401,2022,강원도,인제군,가로등,인제,8,967742
1402,2022,강원도,고성군,가로등,고성,8,272984
1403,2022,강원도,양양군,가로등,양양,8,956043
1404,2018,강원도,춘천시,가로등,춘천,8,2395289
1405,2018,강원도,원주시,가로등,원주,8,1990647
1406,2018,강원도,강릉시,가로등,강릉,8,2226191
1407,2018,강원도,동해시,가로등,동해,8,418354
1408,2018,강원도,태백시,가로등,태백,8,314816
1409,2018,강원도,속초시,가로등,속초,8,430575
1410,2018,강원도,삼척시,가로등,삼척,8,1108928
1411,2018,강원도,홍천군,가로등,홍천,8,1567236
1412,2018,강원도,횡성군,가로등,횡성,8,714410
1413,2018,강원도,영월군,가로등,영월,8,731042
1414,2018,강원도,평창군,가로등,평창,8,1056007
1415,2018,강원도,정선군,가로등,정선,8,728611
1416,2018,강원도,철원군,가로등,철원,8,358326
1417,2018,강원도,화천군,가로등,화천,8,326694
1418,2018,강원도,양구군,가로등,양,8,537750
1419,2018,강원도,인제군,가로등,인제,8,998754
1420,2018,강원도,고성군,가로등,고성,8,367406
1421,2018,강원도,양양군,가로등,양양,8,1019492
1422,2024,강원도,춘천시,가로등,춘천,8,1599872
1423,2024,강원도,원주시,가로등,원주,8,1822522
1424,2024,강원도,강릉시,가로등,강릉,8,1951307
1425,2024,강원도,동해시,가로등,동해,8,422368
1426,2024,강원도,태백시,가로등,태백,8,245521
1427,2024,강원도,속초시,가로등,속초,8,436910
1428,2024,강원도,삼척시,가로등,삼척,8,1074033
1429,2024,강원도,홍천군,가로등,홍천,8,1213386
1430,2024,강원도,횡성군,가로등,횡성,8,634035
1431,2024,강원도,영월군,가로등,영월,8,695356
1432,2024,강원도,평창군,가로등,평창,8,1029440
1433,2024,강원도,정선군,가로등,정선,8,726838
1434,2024,강원도,철원군,가로등,철원,8,295441
1435,2024,강원도,화천군,가로등,화천,8,316861
1436,2024,강원도,양구군,가로등,양,8,408172
1437,2024,강원도,인제군,가로등,인제,8,970752
1438,2024,강원도,고성군,가로등,고성,8,291034
1439,2024,강원도,양양군,가로등,양양,8,943434
1440,2017,강원도,춘천시,가로등,춘천,9,2361786
1441,2017,강원도,원주시,가로등,원주,9,1822257
1442,2017,강원도,강릉시,가로등,강릉,9,2146906
1443,2017,강원도,동해시,가로등,동해,9,394497
1444,2017,강원도,태백시,가로등,태백,9,310819
1445,2017,강원도,속초시,가로등,속초,9,492753
1446,2017,강원도,삼척시,가로등,삼척,9,1217511
1447,2017,강원도,홍천군,가로등,홍천,9,1752900
1448,2017,강원도,횡성군,가로등,횡성,9,740345
1449,2017,강원도,영월군,가로등,영월,9,876740
1450,2017,강원도,평창군,가로등,평창,9,868807
1451,2017,강원도,정선군,가로등,정선,9,519835
1452,2017,강원도,철원군,가로등,철원,9,349495
1453,2017,강원도,화천군,가로등,화천,9,361547
1454,2017,강원도,양구군,가로등,양,9,557478
1455,2017,강원도,인제군,가로등,인제,9,1002226
1456,2017,강원도,고성군,가로등,고성,9,400399
1457,2017,강원도,양양군,가로등,양양,9,923425
1458,2021,강원도,춘천시,가로등,춘천,9,1859647
1459,2021,강원도,원주시,가로등,원주,9,1884210
1460,2021,강원도,강릉시,가로등,강릉,9,2170576
1461,2021,강원도,동해시,가로등,동해,9,437453
1462,2021,강원도,태백시,가로등,태백,9,236041
1463,2021,강원도,속초시,가로등,속초,9,456550
1464,2021,강원도,삼척시,가로등,삼척,9,1001547
1465,2021,강원도,홍천군,가로등,홍천,9,1362257
1466,2021,강원도,횡성군,가로등,횡성,9,719956
1467,2021,강원도,영월군,가로등,영월,9,761069
1468,2021,강원도,평창군,가로등,평창,9,1094458
1469,2021,강원도,정선군,가로등,정선,9,692601
1470,2021,강원도,철원군,가로등,철원,9,304832
1471,2021,강원도,화천군,가로등,화천,9,321026
1472,2021,강원도,양구군,가로등,양,9,468583
1473,2021,강원도,인제군,가로등,인제,9,916098
1474,2021,강원도,고성군,가로등,고성,9,393896
1475,2021,강원도,양양군,가로등,양양,9,893936
1476,2015,강원도,춘천시,가로등,춘천,9,2198971
1477,2015,강원도,원주시,가로등,원주,9,1674990
1478,2015,강원도,강릉시,가로등,강릉,9,2043163
1479,2015,강원도,동해시,가로등,동해,9,638400
1480,2015,강원도,태백시,가로등,태백,9,333351
1481,2015,강원도,속초시,가로등,속초,9,447855
1482,2015,강원도,삼척시,가로등,삼척,9,735709
1483,2015,강원도,홍천군,가로등,홍천,9,1097699
1484,2015,강원도,횡성군,가로등,횡성,9,669797
1485,2015,강원도,영월군,가로등,영월,9,776238
1486,2015,강원도,평창군,가로등,평창,9,873211
1487,2015,강원도,정선군,가로등,정선,9,552870
1488,2015,강원도,철원군,가로등,철원,9,314103
1489,2015,강원도,화천군,가로등,화천,9,357340
1490,2015,강원도,양구군,가로등,양,9,535268
1491,2015,강원도,인제군,가로등,인제,9,465390
1492,2015,강원도,고성군,가로등,고성,9,398062
1493,2015,강원도,양양군,가로등,양양,9,381571
1494,2019,강원도,춘천시,가로등,춘천,9,2092963
1495,2019,강원도,원주시,가로등,원주,9,1869037
1496,2019,강원도,강릉시,가로등,강릉,9,2282115
1497,2019,강원도,동해시,가로등,동해,9,424525
1498,2019,강원도,태백시,가로등,태백,9,307396
1499,2019,강원도,속초시,가로등,속초,9,469706
1500,2019,강원도,삼척시,가로등,삼척,9,1031016
1501,2019,강원도,홍천군,가로등,홍천,9,1388692
1502,2019,강원도,횡성군,가로등,횡성,9,718569
1503,2019,강원도,영월군,가로등,영월,9,781905
1504,2019,강원도,평창군,가로등,평창,9,1135353
1505,2019,강원도,정선군,가로등,정선,9,708212
1506,2019,강원도,철원군,가로등,철원,9,315235
1507,2019,강원도,화천군,가로등,화천,9,314200
1508,2019,강원도,양구군,가로등,양,9,470715
1509,2019,강원도,인제군,가로등,인제,9,962875
1510,2019,강원도,고성군,가로등,고성,9,380781
1511,2019,강원도,양양군,가로등,양양,9,918710
1512,2023,강원도,춘천시,가로등,춘천,9,1711835
1513,2023,강원도,원주시,가로등,원주,9,1890694
1514,2023,강원도,강릉시,가로등,강릉,9,2157483
1515,2023,강원도,동해시,가로등,동해,9,467271
1516,2023,강원도,태백시,가로등,태백,9,254553
1517,2023,강원도,속초시,가로등,속초,9,448478
1518,2023,강원도,삼척시,가로등,삼척,9,1044717
1519,2023,강원도,홍천군,가로등,홍천,9,1227275
1520,2023,강원도,횡성군,가로등,횡성,9,694005
1521,2023,강원도,영월군,가로등,영월,9,713336
1522,2023,강원도,평창군,가로등,평창,9,1055590
1523,2023,강원도,정선군,가로등,정선,9,742479
1524,2023,강원도,철원군,가로등,철원,9,296657
1525,2023,강원도,화천군,가로등,화천,9,323967
1526,2023,강원도,양구군,가로등,양,9,471436
1527,2023,강원도,인제군,가로등,인제,9,986020
1528,2023,강원도,고성군,가로등,고성,9,295630
1529,2023,강원도,양양군,가로등,양양,9,968533
1530,2020,강원도,춘천시,가로등,춘천,9,2067993
1531,2020,강원도,원주시,가로등,원주,9,1768640
1532,2020,강원도,강릉시,가로등,강릉,9,2037741
1533,2020,강원도,동해시,가로등,동해,9,432173
1534,2020,강원도,태백시,가로등,태백,9,267879
1535,2020,강원도,속초시,가로등,속초,9,453590
1536,2020,강원도,삼척시,가로등,삼척,9,1025610
1537,2020,강원도,홍천군,가로등,홍천,9,1431106
1538,2020,강원도,횡성군,가로등,횡성,9,710309
1539,2020,강원도,영월군,가로등,영월,9,728758
1540,2020,강원도,평창군,가로등,평창,9,1105531
1541,2020,강원도,정선군,가로등,정선,9,699916
1542,2020,강원도,철원군,가로등,철원,9,303959
1543,2020,강원도,화천군,가로등,화천,9,303497
1544,2020,강원도,양구군,가로등,양,9,461826
1545,2020,강원도,인제군,가로등,인제,9,859173
1546,2020,강원도,고성군,가로등,고성,9,381319
1547,2020,강원도,양양군,가로등,양양,9,843138
1548,2016,강원도,춘천시,가로등,춘천,9,2354436
1549,2016,강원도,원주시,가로등,원주,9,1901782
1550,2016,강원도,강릉시,가로등,강릉,9,2221381
1551,2016,강원도,동해시,가로등,동해,9,740786
1552,2016,강원도,태백시,가로등,태백,9,323382
1553,2016,강원도,속초시,가로등,속초,9,463707
1554,2016,강원도,삼척시,가로등,삼척,9,1074418
1555,2016,강원도,홍천군,가로등,홍천,9,1356135
1556,2016,강원도,횡성군,가로등,횡성,9,731600
1557,2016,강원도,영월군,가로등,영월,9,779095
1558,2016,강원도,평창군,가로등,평창,9,1038923
1559,2016,강원도,정선군,가로등,정선,9,528367
1560,2016,강원도,철원군,가로등,철원,9,364260
1561,2016,강원도,화천군,가로등,화천,9,358186
1562,2016,강원도,양구군,가로등,양,9,507142
1563,2016,강원도,인제군,가로등,인제,9,471114
1564,2016,강원도,고성군,가로등,고성,9,405862
1565,2016,강원도,양양군,가로등,양양,9,423316
1566,2022,강원도,춘천시,가로등,춘천,9,1727872
1567,2022,강원도,원주시,가로등,원주,9,1871339
1568,2022,강원도,강릉시,가로등,강릉,9,2164831
1569,2022,강원도,동해시,가로등,동해,9,457199
1570,2022,강원도,태백시,가로등,태백,9,238086
1571,2022,강원도,속초시,가로등,속초,9,456871
1572,2022,강원도,삼척시,가로등,삼척,9,1022040
1573,2022,강원도,홍천군,가로등,홍천,9,1191788
1574,2022,강원도,횡성군,가로등,횡성,9,763666
1575,2022,강원도,영월군,가로등,영월,9,731146
1576,2022,강원도,평창군,가로등,평창,9,1082525
1577,2022,강원도,정선군,가로등,정선,9,701515
1578,2022,강원도,철원군,가로등,철원,9,313982
1579,2022,강원도,화천군,가로등,화천,9,327580
1580,2022,강원도,양구군,가로등,양,9,485194
1581,2022,강원도,인제군,가로등,인제,9,955557
1582,2022,강원도,고성군,가로등,고성,9,283770
1583,2022,강원도,양양군,가로등,양양,9,943458
1584,2018,강원도,춘천시,가로등,춘천,9,2418629
1585,2018,강원도,원주시,가로등,원주,9,2001130
1586,2018,강원도,강릉시,가로등,강릉,9,2259847
1587,2018,강원도,동해시,가로등,동해,9,424814
1588,2018,강원도,태백시,가로등,태백,9,324025
1589,2018,강원도,속초시,가로등,속초,9,465028
1590,2018,강원도,삼척시,가로등,삼척,9,1054244
1591,2018,강원도,홍천군,가로등,홍천,9,1465749
1592,2018,강원도,횡성군,가로등,횡성,9,685101
1593,2018,강원도,영월군,가로등,영월,9,818191
1594,2018,강원도,평창군,가로등,평창,9,1039494
1595,2018,강원도,정선군,가로등,정선,9,713046
1596,2018,강원도,철원군,가로등,철원,9,344148
1597,2018,강원도,화천군,가로등,화천,9,342523
1598,2018,강원도,양구군,가로등,양,9,534776
1599,2018,강원도,인제군,가로등,인제,9,949481
1600,2018,강원도,고성군,가로등,고성,9,386261
1601,2018,강원도,양양군,가로등,양양,9,960031
1602,2024,강원도,춘천시,가로등,춘천,9,1640853
1603,2024,강원도,원주시,가로등,원주,9,1906971
1604,2024,강원도,강릉시,가로등,강릉,9,2020838
1605,2024,강원도,동해시,가로등,동해,9,460304
1606,2024,강원도,태백시,가로등,태백,9,262153
1607,2024,강원도,속초시,가로등,속초,9,464300
1608,2024,강원도,삼척시,가로등,삼척,9,1058817
1609,2024,강원도,홍천군,가로등,홍천,9,1201651
1610,2024,강원도,횡성군,가로등,횡성,9,657213
1611,2024,강원도,영월군,가로등,영월,9,715723
1612,2024,강원도,평창군,가로등,평창,9,1013128
1613,2024,강원도,정선군,가로등,정선,9,754866
1614,2024,강원도,철원군,가로등,철원,9,318946
1615,2024,강원도,화천군,가로등,화천,9,331241
1616,2024,강원도,양구군,가로등,양,9,441965
1617,2024,강원도,인제군,가로등,인제,9,1008258
1618,2024,강원도,고성군,가로등,고성,9,302548
1619,2024,강원도,양양군,가로등,양양,9,883176
1620,2017,강원도,춘천시,가로등,춘천,10,2458894
1621,2017,강원도,원주시,가로등,원주,10,1914409
1622,2017,강원도,강릉시,가로등,강릉,10,2265485
1623,2017,강원도,동해시,가로등,동해,10,430483
1624,2017,강원도,태백시,가로등,태백,10,326893
1625,2017,강원도,속초시,가로등,속초,10,530930
1626,2017,강원도,삼척시,가로등,삼척,10,1226033
1627,2017,강원도,홍천군,가로등,홍천,10,1776120
1628,2017,강원도,횡성군,가로등,횡성,10,740245
1629,2017,강원도,영월군,가로등,영월,10,862947
1630,2017,강원도,평창군,가로등,평창,10,848112
1631,2017,강원도,정선군,가로등,정선,10,552584
1632,2017,강원도,철원군,가로등,철원,10,376055
1633,2017,강원도,화천군,가로등,화천,10,362868
1634,2017,강원도,양구군,가로등,양,10,561892
1635,2017,강원도,인제군,가로등,인제,10,975444
1636,2017,강원도,고성군,가로등,고성,10,430306
1637,2017,강원도,양양군,가로등,양양,10,900748
1638,2021,강원도,춘천시,가로등,춘천,10,1879721
1639,2021,강원도,원주시,가로등,원주,10,1969899
1640,2021,강원도,강릉시,가로등,강릉,10,2312138
1641,2021,강원도,동해시,가로등,동해,10,490123
1642,2021,강원도,태백시,가로등,태백,10,248816
1643,2021,강원도,속초시,가로등,속초,10,490989
1644,2021,강원도,삼척시,가로등,삼척,10,1002212
1645,2021,강원도,홍천군,가로등,홍천,10,1297510
1646,2021,강원도,횡성군,가로등,횡성,10,724253
1647,2021,강원도,영월군,가로등,영월,10,719918
1648,2021,강원도,평창군,가로등,평창,10,1074148
1649,2021,강원도,정선군,가로등,정선,10,724558
1650,2021,강원도,철원군,가로등,철원,10,332120
1651,2021,강원도,화천군,가로등,화천,10,330027
1652,2021,강원도,양구군,가로등,양,10,486084
1653,2021,강원도,인제군,가로등,인제,10,891927
1654,2021,강원도,고성군,가로등,고성,10,434280
1655,2021,강원도,양양군,가로등,양양,10,889898
1656,2015,강원도,춘천시,가로등,춘천,10,2328825
1657,2015,강원도,원주시,가로등,원주,10,1823534
1658,2015,강원도,강릉시,가로등,강릉,10,2194934
1659,2015,강원도,동해시,가로등,동해,10,706083
1660,2015,강원도,태백시,가로등,태백,10,366044
1661,2015,강원도,속초시,가로등,속초,10,494493
1662,2015,강원도,삼척시,가로등,삼척,10,804357
1663,2015,강원도,홍천군,가로등,홍천,10,1140067
1664,2015,강원도,횡성군,가로등,횡성,10,681453
1665,2015,강원도,영월군,가로등,영월,10,803918
1666,2015,강원도,평창군,가로등,평창,10,876223
1667,2015,강원도,정선군,가로등,정선,10,569515
1668,2015,강원도,철원군,가로등,철원,10,351890
1669,2015,강원도,화천군,가로등,화천,10,359518
1670,2015,강원도,양구군,가로등,양,10,540605
1671,2015,강원도,인제군,가로등,인제,10,492770
1672,2015,강원도,고성군,가로등,고성,10,446039
1673,2015,강원도,양양군,가로등,양양,10,409424
1674,2019,강원도,춘천시,가로등,춘천,10,2168692
1675,2019,강원도,원주시,가로등,원주,10,1941726
1676,2019,강원도,강릉시,가로등,강릉,10,2382485
1677,2019,강원도,동해시,가로등,동해,10,441559
1678,2019,강원도,태백시,가로등,태백,10,314343
1679,2019,강원도,속초시,가로등,속초,10,509236
1680,2019,강원도,삼척시,가로등,삼척,10,1022403
1681,2019,강원도,홍천군,가로등,홍천,10,1296114
1682,2019,강원도,횡성군,가로등,횡성,10,701689
1683,2019,강원도,영월군,가로등,영월,10,772198
1684,2019,강원도,평창군,가로등,평창,10,1135050
1685,2019,강원도,정선군,가로등,정선,10,733056
1686,2019,강원도,철원군,가로등,철원,10,358376
1687,2019,강원도,화천군,가로등,화천,10,319378
1688,2019,강원도,양구군,가로등,양,10,480368
1689,2019,강원도,인제군,가로등,인제,10,934945
1690,2019,강원도,고성군,가로등,고성,10,416817
1691,2019,강원도,양양군,가로등,양양,10,912725
1692,2023,강원도,춘천시,가로등,춘천,10,1733978
1693,2023,강원도,원주시,가로등,원주,10,1987476
1694,2023,강원도,강릉시,가로등,강릉,10,2259569
1695,2023,강원도,동해시,가로등,동해,10,499089
1696,2023,강원도,태백시,가로등,태백,10,262353
1697,2023,강원도,속초시,가로등,속초,10,485951
1698,2023,강원도,삼척시,가로등,삼척,10,1044471
1699,2023,강원도,홍천군,가로등,홍천,10,1169627
1700,2023,강원도,횡성군,가로등,횡성,10,665216
1701,2023,강원도,영월군,가로등,영월,10,705357
1702,2023,강원도,평창군,가로등,평창,10,1047421
1703,2023,강원도,정선군,가로등,정선,10,760004
1704,2023,강원도,철원군,가로등,철원,10,337064
1705,2023,강원도,화천군,가로등,화천,10,330901
1706,2023,강원도,양구군,가로등,양,10,467889
1707,2023,강원도,인제군,가로등,인제,10,973577
1708,2023,강원도,고성군,가로등,고성,10,321936
1709,2023,강원도,양양군,가로등,양양,10,979227
1710,2020,강원도,춘천시,가로등,춘천,10,2203694
1711,2020,강원도,원주시,가로등,원주,10,1922146
1712,2020,강원도,강릉시,가로등,강릉,10,2401810
1713,2020,강원도,동해시,가로등,동해,10,451894
1714,2020,강원도,태백시,가로등,태백,10,275690
1715,2020,강원도,속초시,가로등,속초,10,496548
1716,2020,강원도,삼척시,가로등,삼척,10,1011789
1717,2020,강원도,홍천군,가로등,홍천,10,1452961
1718,2020,강원도,횡성군,가로등,횡성,10,717714
1719,2020,강원도,영월군,가로등,영월,10,755149
1720,2020,강원도,평창군,가로등,평창,10,1101754
1721,2020,강원도,정선군,가로등,정선,10,733570
1722,2020,강원도,철원군,가로등,철원,10,345578
1723,2020,강원도,화천군,가로등,화천,10,328851
1724,2020,강원도,양구군,가로등,양,10,469622
1725,2020,강원도,인제군,가로등,인제,10,901202
1726,2020,강원도,고성군,가로등,고성,10,422036
1727,2020,강원도,양양군,가로등,양양,10,884266
1728,2016,강원도,춘천시,가로등,춘천,10,2423282
1729,2016,강원도,원주시,가로등,원주,10,1961859
1730,2016,강원도,강릉시,가로등,강릉,10,2393897
1731,2016,강원도,동해시,가로등,동해,10,730519
1732,2016,강원도,태백시,가로등,태백,10,361943
1733,2016,강원도,속초시,가로등,속초,10,505492
1734,2016,강원도,삼척시,가로등,삼척,10,952607
1735,2016,강원도,홍천군,가로등,홍천,10,1339371
1736,2016,강원도,횡성군,가로등,횡성,10,727797
1737,2016,강원도,영월군,가로등,영월,10,789501
1738,2016,강원도,평창군,가로등,평창,10,1104541
1739,2016,강원도,정선군,가로등,정선,10,547909
1740,2016,강원도,철원군,가로등,철원,10,393570
1741,2016,강원도,화천군,가로등,화천,10,370902
1742,2016,강원도,양구군,가로등,양,10,582901
1743,2016,강원도,인제군,가로등,인제,10,476788
1744,2016,강원도,고성군,가로등,고성,10,434428
1745,2016,강원도,양양군,가로등,양양,10,424449
1746,2022,강원도,춘천시,가로등,춘천,10,1778194
1747,2022,강원도,원주시,가로등,원주,10,1993104
1748,2022,강원도,강릉시,가로등,강릉,10,2280317
1749,2022,강원도,동해시,가로등,동해,10,494750
1750,2022,강원도,태백시,가로등,태백,10,250150
1751,2022,강원도,속초시,가로등,속초,10,483841
1752,2022,강원도,삼척시,가로등,삼척,10,1024596
1753,2022,강원도,홍천군,가로등,홍천,10,1161683
1754,2022,강원도,횡성군,가로등,횡성,10,770062
1755,2022,강원도,영월군,가로등,영월,10,753138
1756,2022,강원도,평창군,가로등,평창,10,1052380
1757,2022,강원도,정선군,가로등,정선,10,746560
1758,2022,강원도,철원군,가로등,철원,10,341763
1759,2022,강원도,화천군,가로등,화천,10,349710
1760,2022,강원도,양구군,가로등,양,10,511187
1761,2022,강원도,인제군,가로등,인제,10,956725
1762,2022,강원도,고성군,가로등,고성,10,302997
1763,2022,강원도,양양군,가로등,양양,10,938291
1764,2018,강원도,춘천시,가로등,춘천,10,2520753
1765,2018,강원도,원주시,가로등,원주,10,2061849
1766,2018,강원도,강릉시,가로등,강릉,10,2359909
1767,2018,강원도,동해시,가로등,동해,10,451573
1768,2018,강원도,태백시,가로등,태백,10,335098
1769,2018,강원도,속초시,가로등,속초,10,495601
1770,2018,강원도,삼척시,가로등,삼척,10,1059937
1771,2018,강원도,홍천군,가로등,홍천,10,1447923
1772,2018,강원도,횡성군,가로등,횡성,10,716235
1773,2018,강원도,영월군,가로등,영월,10,856317
1774,2018,강원도,평창군,가로등,평창,10,1029537
1775,2018,강원도,정선군,가로등,정선,10,741666
1776,2018,강원도,철원군,가로등,철원,10,379884
1777,2018,강원도,화천군,가로등,화천,10,359889
1778,2018,강원도,양구군,가로등,양,10,545416
1779,2018,강원도,인제군,가로등,인제,10,931498
1780,2018,강원도,고성군,가로등,고성,10,426934
1781,2018,강원도,양양군,가로등,양양,10,970688
1782,2024,강원도,춘천시,가로등,춘천,10,1711654
1783,2024,강원도,원주시,가로등,원주,10,2000792
1784,2024,강원도,강릉시,가로등,강릉,10,2086775
1785,2024,강원도,동해시,가로등,동해,10,486727
1786,2024,강원도,태백시,가로등,태백,10,274260
1787,2024,강원도,속초시,가로등,속초,10,493817
1788,2024,강원도,삼척시,가로등,삼척,10,1031623
1789,2024,강원도,홍천군,가로등,홍천,10,1150145
1790,2024,강원도,횡성군,가로등,횡성,10,653081
1791,2024,강원도,영월군,가로등,영월,10,707053
1792,2024,강원도,평창군,가로등,평창,10,1017516
1793,2024,강원도,정선군,가로등,정선,10,771612
1794,2024,강원도,철원군,가로등,철원,10,351391
1795,2024,강원도,화천군,가로등,화천,10,345281
1796,2024,강원도,양구군,가로등,양,10,447682
1797,2024,강원도,인제군,가로등,인제,10,955907
1798,2024,강원도,고성군,가로등,고성,10,316480
1799,2024,강원도,양양군,가로등,양양,10,891222
1800,2017,강원도,춘천시,가로등,춘천,11,2565660
1801,2017,강원도,원주시,가로등,원주,11,2077041
1802,2017,강원도,강릉시,가로등,강릉,11,2387728
1803,2017,강원도,동해시,가로등,동해,11,457148
1804,2017,강원도,태백시,가로등,태백,11,359062
1805,2017,강원도,속초시,가로등,속초,11,552536
1806,2017,강원도,삼척시,가로등,삼척,11,1235437
1807,2017,강원도,홍천군,가로등,홍천,11,1672259
1808,2017,강원도,횡성군,가로등,횡성,11,596770
1809,2017,강원도,영월군,가로등,영월,11,895112
1810,2017,강원도,평창군,가로등,평창,11,870910
1811,2017,강원도,정선군,가로등,정선,11,602950
1812,2017,강원도,철원군,가로등,철원,11,399416
1813,2017,강원도,화천군,가로등,화천,11,334567
1814,2017,강원도,양구군,가로등,양,11,574503
1815,2017,강원도,인제군,가로등,인제,11,948978
1816,2017,강원도,고성군,가로등,고성,11,451754
1817,2017,강원도,양양군,가로등,양양,11,911169
1818,2021,강원도,춘천시,가로등,춘천,11,1926638
1819,2021,강원도,원주시,가로등,원주,11,2133825
1820,2021,강원도,강릉시,가로등,강릉,11,2414784
1821,2021,강원도,동해시,가로등,동해,11,514049
1822,2021,강원도,태백시,가로등,태백,11,268489
1823,2021,강원도,속초시,가로등,속초,11,539880
1824,2021,강원도,삼척시,가로등,삼척,11,1045519
1825,2021,강원도,홍천군,가로등,홍천,11,1313528
1826,2021,강원도,횡성군,가로등,횡성,11,757733
1827,2021,강원도,영월군,가로등,영월,11,761366
1828,2021,강원도,평창군,가로등,평창,11,1103156
1829,2021,강원도,정선군,가로등,정선,11,757633
1830,2021,강원도,철원군,가로등,철원,11,354405
1831,2021,강원도,화천군,가로등,화천,11,345871
1832,2021,강원도,양구군,가로등,양,11,509169
1833,2021,강원도,인제군,가로등,인제,11,888484
1834,2021,강원도,고성군,가로등,고성,11,450910
1835,2021,강원도,양양군,가로등,양양,11,872891
1836,2015,강원도,춘천시,가로등,춘천,11,2440578
1837,2015,강원도,원주시,가로등,원주,11,1983271
1838,2015,강원도,강릉시,가로등,강릉,11,2304521
1839,2015,강원도,동해시,가로등,동해,11,771369
1840,2015,강원도,태백시,가로등,태백,11,379711
1841,2015,강원도,속초시,가로등,속초,11,554104
1842,2015,강원도,삼척시,가로등,삼척,11,836861
1843,2015,강원도,홍천군,가로등,홍천,11,1157543
1844,2015,강원도,횡성군,가로등,횡성,11,663497
1845,2015,강원도,영월군,가로등,영월,11,829928
1846,2015,강원도,평창군,가로등,평창,11,861357
1847,2015,강원도,정선군,가로등,정선,11,593120
1848,2015,강원도,철원군,가로등,철원,11,374511
1849,2015,강원도,화천군,가로등,화천,11,364616
1850,2015,강원도,양구군,가로등,양,11,546357
1851,2015,강원도,인제군,가로등,인제,11,492361
1852,2015,강원도,고성군,가로등,고성,11,459071
1853,2015,강원도,양양군,가로등,양양,11,450821
1854,2019,강원도,춘천시,가로등,춘천,11,2184675
1855,2019,강원도,원주시,가로등,원주,11,2019011
1856,2019,강원도,강릉시,가로등,강릉,11,2521426
1857,2019,강원도,동해시,가로등,동해,11,475421
1858,2019,강원도,태백시,가로등,태백,11,337294
1859,2019,강원도,속초시,가로등,속초,11,560207
1860,2019,강원도,삼척시,가로등,삼척,11,1059600
1861,2019,강원도,홍천군,가로등,홍천,11,1304892
1862,2019,강원도,횡성군,가로등,횡성,11,749093
1863,2019,강원도,영월군,가로등,영월,11,788389
1864,2019,강원도,평창군,가로등,평창,11,1163960
1865,2019,강원도,정선군,가로등,정선,11,766440
1866,2019,강원도,철원군,가로등,철원,11,372640
1867,2019,강원도,화천군,가로등,화천,11,330989
1868,2019,강원도,양구군,가로등,양,11,508027
1869,2019,강원도,인제군,가로등,인제,11,947321
1870,2019,강원도,고성군,가로등,고성,11,440149
1871,2019,강원도,양양군,가로등,양양,11,901521
1872,2023,강원도,춘천시,가로등,춘천,11,1808188
1873,2023,강원도,원주시,가로등,원주,11,2130698
1874,2023,강원도,강릉시,가로등,강릉,11,2331496
1875,2023,강원도,동해시,가로등,동해,11,534397
1876,2023,강원도,태백시,가로등,태백,11,281531
1877,2023,강원도,속초시,가로등,속초,11,532502
1878,2023,강원도,삼척시,가로등,삼척,11,1077751
1879,2023,강원도,홍천군,가로등,홍천,11,1161692
1880,2023,강원도,횡성군,가로등,횡성,11,684386
1881,2023,강원도,영월군,가로등,영월,11,733531
1882,2023,강원도,평창군,가로등,평창,11,1060510
1883,2023,강원도,정선군,가로등,정선,11,793812
1884,2023,강원도,철원군,가로등,철원,11,353473
1885,2023,강원도,화천군,가로등,화천,11,379210
1886,2023,강원도,양구군,가로등,양,11,491946
1887,2023,강원도,인제군,가로등,인제,11,961826
1888,2023,강원도,고성군,가로등,고성,11,331380
1889,2023,강원도,양양군,가로등,양양,11,947649
1890,2020,강원도,춘천시,가로등,춘천,11,2182242
1891,2020,강원도,원주시,가로등,원주,11,2276644
1892,2020,강원도,강릉시,가로등,강릉,11,2445493
1893,2020,강원도,동해시,가로등,동해,11,511050
1894,2020,강원도,태백시,가로등,태백,11,289720
1895,2020,강원도,속초시,가로등,속초,11,551012
1896,2020,강원도,삼척시,가로등,삼척,11,1056760
1897,2020,강원도,홍천군,가로등,홍천,11,1389883
1898,2020,강원도,횡성군,가로등,횡성,11,745573
1899,2020,강원도,영월군,가로등,영월,11,782053
1900,2020,강원도,평창군,가로등,평창,11,1102904
1901,2020,강원도,정선군,가로등,정선,11,769102
1902,2020,강원도,철원군,가로등,철원,11,370305
1903,2020,강원도,화천군,가로등,화천,11,341778
1904,2020,강원도,양구군,가로등,양,11,489102
1905,2020,강원도,인제군,가로등,인제,11,927369
1906,2020,강원도,고성군,가로등,고성,11,442690
1907,2020,강원도,양양군,가로등,양양,11,898242
1908,2016,강원도,춘천시,가로등,춘천,11,2503570
1909,2016,강원도,원주시,가로등,원주,11,2137632
1910,2016,강원도,강릉시,가로등,강릉,11,2697122
1911,2016,강원도,동해시,가로등,동해,11,730874
1912,2016,강원도,태백시,가로등,태백,11,391678
1913,2016,강원도,속초시,가로등,속초,11,572637
1914,2016,강원도,삼척시,가로등,삼척,11,1186046
1915,2016,강원도,홍천군,가로등,홍천,11,1331948
1916,2016,강원도,횡성군,가로등,횡성,11,747678
1917,2016,강원도,영월군,가로등,영월,11,804129
1918,2016,강원도,평창군,가로등,평창,11,1061687
1919,2016,강원도,정선군,가로등,정선,11,580401
1920,2016,강원도,철원군,가로등,철원,11,411851
1921,2016,강원도,화천군,가로등,화천,11,390054
1922,2016,강원도,양구군,가로등,양,11,564036
1923,2016,강원도,인제군,가로등,인제,11,516963
1924,2016,강원도,고성군,가로등,고성,11,453670
1925,2016,강원도,양양군,가로등,양양,11,544587
1926,2022,강원도,춘천시,가로등,춘천,11,1844844
1927,2022,강원도,원주시,가로등,원주,11,2145140
1928,2022,강원도,강릉시,가로등,강릉,11,2389534
1929,2022,강원도,동해시,가로등,동해,11,528012
1930,2022,강원도,태백시,가로등,태백,11,272278
1931,2022,강원도,속초시,가로등,속초,11,529374
1932,2022,강원도,삼척시,가로등,삼척,11,1052118
1933,2022,강원도,홍천군,가로등,홍천,11,1167925
1934,2022,강원도,횡성군,가로등,횡성,11,747994
1935,2022,강원도,영월군,가로등,영월,11,785456
1936,2022,강원도,평창군,가로등,평창,11,1083169
1937,2022,강원도,정선군,가로등,정선,11,775576
1938,2022,강원도,철원군,가로등,철원,11,383578
1939,2022,강원도,화천군,가로등,화천,11,363050
1940,2022,강원도,양구군,가로등,양,11,529697
1941,2022,강원도,인제군,가로등,인제,11,957243
1942,2022,강원도,고성군,가로등,고성,11,315653
1943,2022,강원도,양양군,가로등,양양,11,934252
1944,2018,강원도,춘천시,가로등,춘천,11,2626271
1945,2018,강원도,원주시,가로등,원주,11,2181795
1946,2018,강원도,강릉시,가로등,강릉,11,2498141
1947,2018,강원도,동해시,가로등,동해,11,482217
1948,2018,강원도,태백시,가로등,태백,11,361756
1949,2018,강원도,속초시,가로등,속초,11,551534
1950,2018,강원도,삼척시,가로등,삼척,11,1049886
1951,2018,강원도,홍천군,가로등,홍천,11,1418417
1952,2018,강원도,횡성군,가로등,횡성,11,738402
1953,2018,강원도,영월군,가로등,영월,11,834107
1954,2018,강원도,평창군,가로등,평창,11,1061938
1955,2018,강원도,정선군,가로등,정선,11,744061
1956,2018,강원도,철원군,가로등,철원,11,403133
1957,2018,강원도,화천군,가로등,화천,11,346122
1958,2018,강원도,양구군,가로등,양,11,534066
1959,2018,강원도,인제군,가로등,인제,11,898616
1960,2018,강원도,고성군,가로등,고성,11,444880
1961,2018,강원도,양양군,가로등,양양,11,929448
1962,2024,강원도,춘천시,가로등,춘천,11,1812393
1963,2024,강원도,원주시,가로등,원주,11,2182796
1964,2024,강원도,강릉시,가로등,강릉,11,2188501
1965,2024,강원도,동해시,가로등,동해,11,531730
1966,2024,강원도,태백시,가로등,태백,11,295929
1967,2024,강원도,속초시,가로등,속초,11,541075
1968,2024,강원도,삼척시,가로등,삼척,11,1056338
1969,2024,강원도,홍천군,가로등,홍천,11,1143866
1970,2024,강원도,횡성군,가로등,횡성,11,672622
1971,2024,강원도,영월군,가로등,영월,11,732135
1972,2024,강원도,평창군,가로등,평창,11,1033731
1973,2024,강원도,정선군,가로등,정선,11,791323
1974,2024,강원도,철원군,가로등,철원,11,379723
1975,2024,강원도,화천군,가로등,화천,11,363015
1976,2024,강원도,양구군,가로등,양,11,467432
1977,2024,강원도,인제군,가로등,인제,11,908078
1978,2024,강원도,고성군,가로등,고성,11,330839
1979,2024,강원도,양양군,가로등,양양,11,883154
1980,2017,강원도,춘천시,가로등,춘천,12,2600865
1981,2017,강원도,원주시,가로등,원주,12,2064514
1982,2017,강원도,강릉시,가로등,강릉,12,2545625
1983,2017,강원도,동해시,가로등,동해,12,481698
1984,2017,강원도,태백시,가로등,태백,12,388770
1985,2017,강원도,속초시,가로등,속초,12,579930
1986,2017,강원도,삼척시,가로등,삼척,12,1242239
1987,2017,강원도,홍천군,가로등,홍천,12,1419878
1988,2017,강원도,횡성군,가로등,횡성,12,572360
1989,2017,강원도,영월군,가로등,영월,12,879146
1990,2017,강원도,평창군,가로등,평창,12,881543
1991,2017,강원도,정선군,가로등,정선,12,647769
1992,2017,강원도,철원군,가로등,철원,12,426583
1993,2017,강원도,화천군,가로등,화천,12,339753
1994,2017,강원도,양구군,가로등,양,12,567822
1995,2017,강원도,인제군,가로등,인제,12,897407
1996,2017,강원도,고성군,가로등,고성,12,478145
1997,2017,강원도,양양군,가로등,양양,12,925123
1998,2021,강원도,춘천시,가로등,춘천,12,1886659
1999,2021,강원도,원주시,가로등,원주,12,2213602
2000,2021,강원도,강릉시,가로등,강릉,12,2465418
2001,2021,강원도,동해시,가로등,동해,12,533445
2002,2021,강원도,태백시,가로등,태백,12,280359
2003,2021,강원도,속초시,가로등,속초,12,565588
2004,2021,강원도,삼척시,가로등,삼척,12,1032206
2005,2021,강원도,홍천군,가로등,홍천,12,1176539
2006,2021,강원도,횡성군,가로등,횡성,12,751496
2007,2021,강원도,영월군,가로등,영월,12,739419
2008,2021,강원도,평창군,가로등,평창,12,1096988
2009,2021,강원도,정선군,가로등,정선,12,793195
2010,2021,강원도,철원군,가로등,철원,12,379303
2011,2021,강원도,화천군,가로등,화천,12,352151
2012,2021,강원도,양구군,가로등,양,12,524326
2013,2021,강원도,인제군,가로등,인제,12,862124
2014,2021,강원도,고성군,가로등,고성,12,478863
2015,2021,강원도,양양군,가로등,양양,12,876925
2016,2015,강원도,춘천시,가로등,춘천,12,2495650
2017,2015,강원도,원주시,가로등,원주,12,2053748
2018,2015,강원도,강릉시,가로등,강릉,12,2323483
2019,2015,강원도,동해시,가로등,동해,12,796069
2020,2015,강원도,태백시,가로등,태백,12,393836
2021,2015,강원도,속초시,가로등,속초,12,561471
2022,2015,강원도,삼척시,가로등,삼척,12,866501
2023,2015,강원도,홍천군,가로등,홍천,12,1172660
2024,2015,강원도,횡성군,가로등,횡성,12,731386
2025,2015,강원도,영월군,가로등,영월,12,828123
2026,2015,강원도,평창군,가로등,평창,12,824054
2027,2015,강원도,정선군,가로등,정선,12,703405
2028,2015,강원도,철원군,가로등,철원,12,398635
2029,2015,강원도,화천군,가로등,화천,12,374812
2030,2015,강원도,양구군,가로등,양,12,542414
2031,2015,강원도,인제군,가로등,인제,12,506344
2032,2015,강원도,고성군,가로등,고성,12,484676
2033,2015,강원도,양양군,가로등,양양,12,461655
2034,2019,강원도,춘천시,가로등,춘천,12,2170356
2035,2019,강원도,원주시,가로등,원주,12,2034785
2036,2019,강원도,강릉시,가로등,강릉,12,2546938
2037,2019,강원도,동해시,가로등,동해,12,479622
2038,2019,강원도,태백시,가로등,태백,12,343275
2039,2019,강원도,속초시,가로등,속초,12,578565
2040,2019,강원도,삼척시,가로등,삼척,12,1014236
2041,2019,강원도,홍천군,가로등,홍천,12,1241837
2042,2019,강원도,횡성군,가로등,횡성,12,714859
2043,2019,강원도,영월군,가로등,영월,12,758785
2044,2019,강원도,평창군,가로등,평창,12,1156268
2045,2019,강원도,정선군,가로등,정선,12,781961
2046,2019,강원도,철원군,가로등,철원,12,396587
2047,2019,강원도,화천군,가로등,화천,12,332379
2048,2019,강원도,양구군,가로등,양,12,502779
2049,2019,강원도,인제군,가로등,인제,12,895933
2050,2019,강원도,고성군,가로등,고성,12,459982
2051,2019,강원도,양양군,가로등,양양,12,840004
2052,2023,강원도,춘천시,가로등,춘천,12,1830279
2053,2023,강원도,원주시,가로등,원주,12,2210060
2054,2023,강원도,강릉시,가로등,강릉,12,2379272
2055,2023,강원도,동해시,가로등,동해,12,538300
2056,2023,강원도,태백시,가로등,태백,12,294565
2057,2023,강원도,속초시,가로등,속초,12,548145
2058,2023,강원도,삼척시,가로등,삼척,12,1049226
2059,2023,강원도,홍천군,가로등,홍천,12,1123232
2060,2023,강원도,횡성군,가로등,횡성,12,681768
2061,2023,강원도,영월군,가로등,영월,12,730108
2062,2023,강원도,평창군,가로등,평창,12,1069641
2063,2023,강원도,정선군,가로등,정선,12,821608
2064,2023,강원도,철원군,가로등,철원,12,376575
2065,2023,강원도,화천군,가로등,화천,12,374678
2066,2023,강원도,양구군,가로등,양,12,504096
2067,2023,강원도,인제군,가로등,인제,12,928794
2068,2023,강원도,고성군,가로등,고성,12,346186
2069,2023,강원도,양양군,가로등,양양,12,935500
2070,2020,강원도,춘천시,가로등,춘천,12,2064015
2071,2020,강원도,원주시,가로등,원주,12,2011164
2072,2020,강원도,강릉시,가로등,강릉,12,2461939
2073,2020,강원도,동해시,가로등,동해,12,503272
2074,2020,강원도,태백시,가로등,태백,12,301666
2075,2020,강원도,속초시,가로등,속초,12,571643
2076,2020,강원도,삼척시,가로등,삼척,12,1017044
2077,2020,강원도,홍천군,가로등,홍천,12,1241594
2078,2020,강원도,횡성군,가로등,횡성,12,719756
2079,2020,강원도,영월군,가로등,영월,12,754903
2080,2020,강원도,평창군,가로등,평창,12,1090425
2081,2020,강원도,정선군,가로등,정선,12,783117
2082,2020,강원도,철원군,가로등,철원,12,388048
2083,2020,강원도,화천군,가로등,화천,12,348749
2084,2020,강원도,양구군,가로등,양,12,493935
2085,2020,강원도,인제군,가로등,인제,12,885522
2086,2020,강원도,고성군,가로등,고성,12,473476
2087,2020,강원도,양양군,가로등,양양,12,868738
2088,2016,강원도,춘천시,가로등,춘천,12,2544001
2089,2016,강원도,원주시,가로등,원주,12,2193580
2090,2016,강원도,강릉시,가로등,강릉,12,2701814
2091,2016,강원도,동해시,가로등,동해,12,686510
2092,2016,강원도,태백시,가로등,태백,12,403808
2093,2016,강원도,속초시,가로등,속초,12,634596
2094,2016,강원도,삼척시,가로등,삼척,12,1358822
2095,2016,강원도,홍천군,가로등,홍천,12,1325553
2096,2016,강원도,횡성군,가로등,횡성,12,772185
2097,2016,강원도,영월군,가로등,영월,12,808724
2098,2016,강원도,평창군,가로등,평창,12,978188
2099,2016,강원도,정선군,가로등,정선,12,596172
2100,2016,강원도,철원군,가로등,철원,12,441510
2101,2016,강원도,화천군,가로등,화천,12,409474
2102,2016,강원도,양구군,가로등,양,12,566093
2103,2016,강원도,인제군,가로등,인제,12,536390
2104,2016,강원도,고성군,가로등,고성,12,483770
2105,2016,강원도,양양군,가로등,양양,12,539870
2106,2022,강원도,춘천시,가로등,춘천,12,1845397
2107,2022,강원도,원주시,가로등,원주,12,2207729
2108,2022,강원도,강릉시,가로등,강릉,12,2431161
2109,2022,강원도,동해시,가로등,동해,12,536434
2110,2022,강원도,태백시,가로등,태백,12,289323
2111,2022,강원도,속초시,가로등,속초,12,557604
2112,2022,강원도,삼척시,가로등,삼척,12,1033868
2113,2022,강원도,홍천군,가로등,홍천,12,1112392
2114,2022,강원도,횡성군,가로등,횡성,12,728759
2115,2022,강원도,영월군,가로등,영월,12,776629
2116,2022,강원도,평창군,가로등,평창,12,1078363
2117,2022,강원도,정선군,가로등,정선,12,798859
2118,2022,강원도,철원군,가로등,철원,12,406984
2119,2022,강원도,화천군,가로등,화천,12,367365
2120,2022,강원도,양구군,가로등,양,12,530728
2121,2022,강원도,인제군,가로등,인제,12,909188
2122,2022,강원도,고성군,가로등,고성,12,332849
2123,2022,강원도,양양군,가로등,양양,12,933412
2124,2018,강원도,춘천시,가로등,춘천,12,2624188
2125,2018,강원도,원주시,가로등,원주,12,2211535
2126,2018,강원도,강릉시,가로등,강릉,12,2560097
2127,2018,강원도,동해시,가로등,동해,12,480251
2128,2018,강원도,태백시,가로등,태백,12,379197
2129,2018,강원도,속초시,가로등,속초,12,574939
2130,2018,강원도,삼척시,가로등,삼척,12,1035362
2131,2018,강원도,홍천군,가로등,홍천,12,1358472
2132,2018,강원도,횡성군,가로등,횡성,12,731531
2133,2018,강원도,영월군,가로등,영월,12,830639
2134,2018,강원도,평창군,가로등,평창,12,1066896
2135,2018,강원도,정선군,가로등,정선,12,-76841
2136,2018,강원도,철원군,가로등,철원,12,425708
2137,2018,강원도,화천군,가로등,화천,12,334769
2138,2018,강원도,양구군,가로등,양,12,512897
2139,2018,강원도,인제군,가로등,인제,12,853417
2140,2018,강원도,고성군,가로등,고성,12,470462
2141,2018,강원도,양양군,가로등,양양,12,929899
2142,2024,강원도,춘천시,가로등,춘천,12,1877657
2143,2024,강원도,원주시,가로등,원주,12,2250479
2144,2024,강원도,강릉시,가로등,강릉,12,2267926
2145,2024,강원도,동해시,가로등,동해,12,547311
2146,2024,강원도,태백시,가로등,태백,12,305469
2147,2024,강원도,속초시,가로등,속초,12,556633
2148,2024,강원도,삼척시,가로등,삼척,12,1068862
2149,2024,강원도,홍천군,가로등,홍천,12,1117611
2150,2024,강원도,횡성군,가로등,횡성,12,681541
2151,2024,강원도,영월군,가로등,영월,12,724180
2152,2024,강원도,평창군,가로등,평창,12,1037019
2153,2024,강원도,정선군,가로등,정선,12,809121
2154,2024,강원도,철원군,가로등,철원,12,402445
2155,2024,강원도,화천군,가로등,화천,12,369988
2156,2024,강원도,양구군,가로등,양,12,493680
2157,2024,강원도,인제군,가로등,인제,12,943126
2158,2024,강원도,고성군,가로등,고성,12,346727
2159,2024,강원도,양양군,가로등,양양,12,882667
